#F ./data/25SC_s1
#E 1516024580
#D Tue Mar 01 19:14:34 2022
#C psic  User = specuser
#O0      del       eta       chi       phi        mu        nu       m_x       m_y
#O1      m_z      SD_b      SD_t      SD_l      SD_r      SF_l      SF_r      SF_b
#O2     SF_t     att_w   monobr2     cryox     cryoy     cryoz     monoE  
#C Tue Mar 01 19:31:05 2022.  GADDS scan.

#S 1  acquire 5 5 0
#D Tue Mar 01 19:31:05 2022
#T 5  (sec)
#G0 0 0 1 0 0 1 0 0 0 0 0 0 0 0 0 0 2 2 2 2 2 0 0
#G1 5.431 5.431 5.431 90 90 90 1.156911307 1.156911307 1.156911307 90 90 90 0 0 4 2 2 4 56.1575 27.93475 89.9 -180 0 0 70.41 35.20625 54.635 -181.035 0 0 1.278144 1.278144 0 0
#G3 -0.8060933922 -0.8298512745 -0.002019183743 0.8298463816 -0.8060957142 0.002907632189 -0.003492538811 0.0005775816754 1.156905891
#G4 -0.007017262208 0.001160485905 2.324472948 1.5406 19.10596955 19.3939695 0 38.5 34.77776122 0.175316796 90 89.89417068 0.175316796 -124.7777612 0 0 0 0 0 0 0 0 54.785 0 0 0 0 0 -180 -180 -180 -180 -180 -180 -180 -180 -180 0 0 0 0 0 0 0 0 0 0 0 0
#Q -0.00701726 0.00116049 2.32447
#P0 38.5 19.25 90 0 0 0 0 0
#P1 0 -0.2 0.2 -2.5 2.5 -0.15 0.15 -0.15
#P2 0.15 8 45657.992 0 0 1.44 8.99997 
#X 100C
#U T=295C ATT =0 um ; ionirange=2
#C GADDS scan
#U Vantec = 1
#N 22
#L Time  DegC  Epoch  sec  det  ctr3  Gm  Gx  Gy  Rcur  K0  K1  K2  LV0  LV1  LV2  T_sp  T_cs  T_cs2  LST1  mon  Gt
5.00679e-06 295 130134894.712 5 0 97538 4 1665 830 297.84979 4.87294e-09 -6e-16 0 0 0 0 100 324 0 -1 1115254 101798
#C results: scan_n xMAX MAX FWHM CWHM COM SUM 
#R 1 5.00679e-06 101798 0 0 5.00679e-06 101798
#C Tue Mar 01 19:31:24 2022.  GADDS scan.

#S 2  ascan  chi 90 45  9 11
#D Tue Mar 01 19:31:24 2022
#T 11  (sec)
#G0 0 0 1 0 0 1 0 0 0 0 0 0 0 0 0 0 2 2 2 2 2 0 0
#G1 5.431 5.431 5.431 90 90 90 1.156911307 1.156911307 1.156911307 90 90 90 0 0 4 2 2 4 56.1575 27.93475 89.9 -180 0 0 70.41 35.20625 54.635 -181.035 0 0 1.278144 1.278144 0 0
#G3 -0.8060933922 -0.8298512745 -0.002019183743 0.8298463816 -0.8060957142 0.002907632189 -0.003492538811 0.0005775816754 1.156905891
#G4 -0.007017262208 0.001160485905 2.324472948 1.5406 19.10596955 19.3939695 0 38.5 34.77776122 0.175316796 90 89.89417068 0.175316796 -124.7777612 0 0 0 0 0 0 0 0 54.785 0 0 0 0 0 -180 -180 -180 -180 -180 -180 -180 -180 -180 0 0 0 0 0 0 0 0 0 0 0 0
#Q -0.00701726 0.00116049 2.32447
#P0 38.5 19.25 90 0 0 0 0 0
#P1 0 -0.2 0.2 -2.5 2.5 -0.15 0.15 -0.15
#P2 0.15 8 45657.992 0 0 1.44 8.99997 
#X 100C
#U T=295C ATT =0 um ; ionirange=2
#C GADDS scan
#U Vantec = 1
#N 25
#L chi  H  K  L  DegC  Epoch  sec  det  ctr3  Gm  Gx  Gy  Rcur  K0  K1  K2  LV0  LV1  LV2  T_sp  T_cs  T_cs2  LST1  mon  Gt
90 -0.00701726 0.00116049 2.32447 295 130134919.439 11 0 214584 4 1049 285 297.62774 4.87294e-09 -6e-16 0 0 0 0 100 324 0 -1 2393493 218358
85 -0.148149 -0.144163 2.31527 295 130134939.874 11 0 214585 3 808 2029 297.44352 4.87294e-09 -6e-16 0 0 0 0 100 324 0 -1 2377405 214445
80 -0.288154 -0.288389 2.28845 295 130134960.311 11 0 214575 3 1179 2038 297.25909 4.87294e-09 -6e-16 0 0 0 0 100 324 0 -1 2368799 213515
75 -0.425965 -0.430421 2.24422 295 130134980.699 11 0 214575 3 1424 2001 297.0735 4.87294e-09 -6e-16 0 0 0 0 100 324 0 -1 2366603 213303
70 -0.560535 -0.569177 2.1829 295 130135001.182 11 0 214575 4 1026 1322 297.22428 4.87294e-09 -6e-16 0 0 0 0 100 324 0 -1 2364417 209996
65 -0.690839 -0.703601 2.10497 295 130135021.618 11 0 214575 4 896 1764 297.0398 4.87294e-09 -6e-16 0 0 0 0 100 324 0 -1 2364475 214901
60 -0.815885 -0.83267 2.01102 295 130135042.054 11 0 214575 4 1486 1926 298.42759 4.87294e-09 -6e-16 0 0 0 0 100 324 0 -1 2369404 216612
55 -0.934721 -0.955402 1.90177 295 130135062.474 11 0 214575 4 459 1440 298.24322 4.87294e-09 -6e-16 0 0 0 0 100 324 0 -1 2375397 220292
50 -1.04644 -1.07086 1.77804 295 130135082.925 11 0 214575 4 789 1878 298.05618 4.87294e-09 -6e-16 0 0 0 0 100 324 0 -1 2374099 224496
45 -1.1502 -1.17817 1.64078 295 130135103.408 11 0 214576 3 659 2021 297.86354 4.87294e-09 -6e-16 0 0 0 0 100 324 0 -1 2373271 227461
#C results: scan_n xMAX MAX FWHM CWHM COM SUM 
#R 2 45 227461 0 0 67.2688 2.17338e+06
#C Tue Mar 01 19:39:07 2022.  do Cordill.mac.
#C Tue Mar 01 19:39:09 2022.  GADDS scan.

#S 3  ascan  chi 90 45  4 9
#D Tue Mar 01 19:39:09 2022
#T 9  (sec)
#G0 0 0 1 0 0 1 0 0 0 0 0 0 0 0 0 0 2 2 2 2 2 0 0
#G1 5.431 5.431 5.431 90 90 90 1.156911307 1.156911307 1.156911307 90 90 90 0 0 4 2 2 4 56.1575 27.93475 89.9 -180 0 0 70.41 35.20625 54.635 -181.035 0 0 1.278144 1.278144 0 0
#G3 -0.8060933922 -0.8298512745 -0.002019183743 0.8298463816 -0.8060957142 0.002907632189 -0.003492538811 0.0005775816754 1.156905891
#G4 -0.007017262208 0.001160485905 2.324472948 1.5406 19.10596955 19.3939695 0 38.5 34.77776122 0.175316796 90 89.89417068 0.175316796 -124.7777612 0 0 0 0 0 0 0 0 54.785 0 0 0 0 0 -180 -180 -180 -180 -180 -180 -180 -180 -180 0 0 0 0 0 0 0 0 0 0 0 0
#Q -0.00701726 0.00116049 2.32447
#P0 38.5 19.25 90 0 0 0 0 0
#P1 0 -0.2 0.2 -2.5 2.5 -0.15 0.15 -0.15
#P2 0.15 8 45657.992 0 0 1.44 8.99997 
#X 100C
#U T=295C ATT =0 um ; ionirange=2
#C GADDS scan
#U Vantec = 1
#N 25
#L chi  H  K  L  DegC  Epoch  sec  det  ctr3  Gm  Gx  Gy  Rcur  K0  K1  K2  LV0  LV1  LV2  T_sp  T_cs  T_cs2  LST1  mon  Gt
90 -0.00701726 0.00116049 2.32447 295 130135382.115 9 0 175561 3 1289 1877 297.23656 4.87294e-09 -6e-16 0 0 0 0 100 324 0 -1 1932648 180226
78.75 -0.322854 -0.324146 2.27902 295 130135402.910 9 0 175562 4 870 1227 297.05472 4.87294e-09 -6e-16 0 0 0 0 100 324 0 -1 1931230 178815
67.5 -0.626283 -0.636995 2.14598 295 130135423.845 9 0 175561 3 1740 1953 297.20228 4.87294e-09 -6e-16 0 0 0 0 100 324 0 -1 1931326 178817
56.25 -0.905645 -0.925365 1.93047 295 130135444.748 9 0 175562 3 599 1951 297.00968 4.87294e-09 -6e-16 0 0 0 0 100 324 0 -1 1932076 183487
45 -1.1502 -1.17817 1.64078 295 130135465.527 9 0 175561 4 795 1494 298.39576 4.87294e-09 -6e-16 0 0 0 0 100 324 0 -1 1939961 194361
#C results: scan_n xMAX MAX FWHM CWHM COM SUM 
#R 3 45 194361 0 0 67.0953 915706
#C Tue Mar 01 19:41:08 2022.  GADDS scan.

#S 4  ascan  chi 90 45  4 9
#D Tue Mar 01 19:41:08 2022
#T 9  (sec)
#G0 0 0 1 0 0 1 0 0 0 0 0 0 0 0 0 0 2 2 2 2 2 0 0
#G1 5.431 5.431 5.431 90 90 90 1.156911307 1.156911307 1.156911307 90 90 90 0 0 4 2 2 4 56.1575 27.93475 89.9 -180 0 0 70.41 35.20625 54.635 -181.035 0 0 1.278144 1.278144 0 0
#G3 -0.8060933922 -0.8298512745 -0.002019183743 0.8298463816 -0.8060957142 0.002907632189 -0.003492538811 0.0005775816754 1.156905891
#G4 -0.007017262208 0.001160485905 2.324472948 1.5406 19.10596955 19.3939695 0 38.5 34.77776122 0.175316796 90 89.89417068 0.175316796 -124.7777612 0 0 0 0 0 0 0 0 54.785 0 0 0 0 0 -180 -180 -180 -180 -180 -180 -180 -180 -180 0 0 0 0 0 0 0 0 0 0 0 0
#Q -0.00701726 0.00116049 2.32447
#P0 38.5 19.25 90 0 0 0 0 0
#P1 0 -0.2 0.2 -2.5 2.5 -0.15 0.15 -0.15
#P2 0.15 8 45657.992 0 0 1.44 8.99997 
#X 100C
#U T=295C ATT =0 um ; ionirange=2
#C GADDS scan
#U Vantec = 1
#N 25
#L chi  H  K  L  DegC  Epoch  sec  det  ctr3  Gm  Gx  Gy  Rcur  K0  K1  K2  LV0  LV1  LV2  T_sp  T_cs  T_cs2  LST1  mon  Gt
90 -0.00701726 0.00116049 2.32447 295 130135501.002 9 0 175561 3 867 1961 298.07725 4.87294e-09 -6e-16 0 0 0 0 100 324 0 -1 1931747 179638
78.75 -0.322854 -0.324146 2.27902 295 130135521.749 9 0 175562 4 937 1497 297.88285 4.87294e-09 -6e-16 0 0 0 0 100 324 0 -1 1933976 177866
67.5 -0.626283 -0.636995 2.14598 295 130135542.450 9 0 175560 4 1020 1703 297.69787 4.87294e-09 -6e-16 0 0 0 0 100 324 0 -1 1934317 178354
56.25 -0.905645 -0.925365 1.93047 295 130135563.385 9 0 175560 4 362 1227 297.50732 4.87294e-09 -6e-16 0 0 0 0 100 324 0 -1 1933759 181369
45 -1.1502 -1.17817 1.64078 295 130135584.148 9 0 175561 4 1907 1515 297.3259 4.87294e-09 -6e-16 0 0 0 0 100 324 0 -1 1933245 195032
#C results: scan_n xMAX MAX FWHM CWHM COM SUM 
#R 4 45 195032 0 0 67.0771 912259
#C Tue Mar 01 19:43:07 2022.  GADDS scan.

#S 5  ascan  chi 90 45  4 9
#D Tue Mar 01 19:43:07 2022
#T 9  (sec)
#G0 0 0 1 0 0 1 0 0 0 0 0 0 0 0 0 0 2 2 2 2 2 0 0
#G1 5.431 5.431 5.431 90 90 90 1.156911307 1.156911307 1.156911307 90 90 90 0 0 4 2 2 4 56.1575 27.93475 89.9 -180 0 0 70.41 35.20625 54.635 -181.035 0 0 1.278144 1.278144 0 0
#G3 -0.8060933922 -0.8298512745 -0.002019183743 0.8298463816 -0.8060957142 0.002907632189 -0.003492538811 0.0005775816754 1.156905891
#G4 -0.007017262208 0.001160485905 2.324472948 1.5406 19.10596955 19.3939695 0 38.5 34.77776122 0.175316796 90 89.89417068 0.175316796 -124.7777612 0 0 0 0 0 0 0 0 54.785 0 0 0 0 0 -180 -180 -180 -180 -180 -180 -180 -180 -180 0 0 0 0 0 0 0 0 0 0 0 0
#Q -0.00701726 0.00116049 2.32447
#P0 38.5 19.25 90 0 0 0 0 0
#P1 0 -0.2 0.2 -2.5 2.5 -0.15 0.15 -0.15
#P2 0.15 8 45657.992 0 0 1.44 8.99997 
#X 100C
#U T=295C ATT =0 um ; ionirange=2
#C GADDS scan
#U Vantec = 1
#N 25
#L chi  H  K  L  DegC  Epoch  sec  det  ctr3  Gm  Gx  Gy  Rcur  K0  K1  K2  LV0  LV1  LV2  T_sp  T_cs  T_cs2  LST1  mon  Gt
90 -0.00701726 0.00116049 2.32447 295 130135619.638 9 0 175568 4 792 1389 297.00276 4.87294e-09 -6e-16 0 0 0 0 100 324 0 -1 1926244 182145
78.75 -0.322854 -0.324146 2.27902 295 130135640.386 9 0 175568 4 1005 1928 297.14114 4.87294e-09 -6e-16 0 0 0 0 100 324 0 -1 1928811 175967
67.5 -0.626283 -0.636995 2.14598 295 130135661.118 9 0 175569 4 734 1907 296.95665 4.87294e-09 -6e-16 0 0 0 0 100 324 0 -1 1927307 179672
56.25 -0.905645 -0.925365 1.93047 295 130135682.037 9 0 175562 4 1653 773 298.32585 4.87294e-09 -6e-16 0 0 0 0 100 324 0 -1 1937336 182952
45 -1.1502 -1.17817 1.64078 295 130135702.739 9 0 175562 4 1717 1565 298.1435 4.87294e-09 -6e-16 0 0 0 0 100 324 0 -1 1936613 193056
#C results: scan_n xMAX MAX FWHM CWHM COM SUM 
#R 5 45 193056 0 0 67.1453 913792
#C Tue Mar 01 19:45:05 2022.  GADDS scan.

#S 6  ascan  chi 90 45  4 9
#D Tue Mar 01 19:45:05 2022
#T 9  (sec)
#G0 0 0 1 0 0 1 0 0 0 0 0 0 0 0 0 0 2 2 2 2 2 0 0
#G1 5.431 5.431 5.431 90 90 90 1.156911307 1.156911307 1.156911307 90 90 90 0 0 4 2 2 4 56.1575 27.93475 89.9 -180 0 0 70.41 35.20625 54.635 -181.035 0 0 1.278144 1.278144 0 0
#G3 -0.8060933922 -0.8298512745 -0.002019183743 0.8298463816 -0.8060957142 0.002907632189 -0.003492538811 0.0005775816754 1.156905891
#G4 -0.007017262208 0.001160485905 2.324472948 1.5406 19.10596955 19.3939695 0 38.5 34.77776122 0.175316796 90 89.89417068 0.175316796 -124.7777612 0 0 0 0 0 0 0 0 54.785 0 0 0 0 0 -180 -180 -180 -180 -180 -180 -180 -180 -180 0 0 0 0 0 0 0 0 0 0 0 0
#Q -0.00701726 0.00116049 2.32447
#P0 38.5 19.25 90 0 0 0 0 0
#P1 0 -0.2 0.2 -2.5 2.5 -0.15 0.15 -0.15
#P2 0.15 8 45657.992 0 0 1.44 8.99997 
#X 100C
#U T=295C ATT =0 um ; ionirange=2
#C GADDS scan
#U Vantec = 1
#N 25
#L chi  H  K  L  DegC  Epoch  sec  det  ctr3  Gm  Gx  Gy  Rcur  K0  K1  K2  LV0  LV1  LV2  T_sp  T_cs  T_cs2  LST1  mon  Gt
90 -0.00701726 0.00116049 2.32447 295 130135738.213 9 0 175561 4 378 1249 297.82086 4.87294e-09 -6e-16 0 0 0 0 100 324 0 -1 1930263 180916
78.75 -0.322854 -0.324146 2.27902 295 130135758.992 9 0 175562 3 1529 2023 297.62889 4.87294e-09 -6e-16 0 0 0 0 100 324 0 -1 1929033 177682
67.5 -0.626283 -0.636995 2.14598 295 130135779.865 9 0 175561 3 1020 1901 297.44746 4.87294e-09 -6e-16 0 0 0 0 100 324 0 -1 1929408 175805
56.25 -0.905645 -0.925365 1.93047 295 130135800.612 9 0 175562 5 818 1893 297.25442 4.87294e-09 -6e-16 0 0 0 0 100 324 0 -1 1929050 182812
45 -1.1502 -1.17817 1.64078 295 130135821.360 9 0 175562 4 462 1009 297.06943 4.87294e-09 -6e-16 0 0 0 0 100 324 0 -1 1928343 192297
#C results: scan_n xMAX MAX FWHM CWHM COM SUM 
#R 6 45 192297 0 0 67.155 909512
#C Tue Mar 01 19:47:04 2022.  GADDS scan.

#S 7  ascan  chi 90 45  4 9
#D Tue Mar 01 19:47:04 2022
#T 9  (sec)
#G0 0 0 1 0 0 1 0 0 0 0 0 0 0 0 0 0 2 2 2 2 2 0 0
#G1 5.431 5.431 5.431 90 90 90 1.156911307 1.156911307 1.156911307 90 90 90 0 0 4 2 2 4 56.1575 27.93475 89.9 -180 0 0 70.41 35.20625 54.635 -181.035 0 0 1.278144 1.278144 0 0
#G3 -0.8060933922 -0.8298512745 -0.002019183743 0.8298463816 -0.8060957142 0.002907632189 -0.003492538811 0.0005775816754 1.156905891
#G4 -0.007017262208 0.001160485905 2.324472948 1.5406 19.10596955 19.3939695 0 38.5 34.77776122 0.175316796 90 89.89417068 0.175316796 -124.7777612 0 0 0 0 0 0 0 0 54.785 0 0 0 0 0 -180 -180 -180 -180 -180 -180 -180 -180 -180 0 0 0 0 0 0 0 0 0 0 0 0
#Q -0.00701726 0.00116049 2.32447
#P0 38.5 19.25 90 0 0 0 0 0
#P1 0 -0.2 0.2 -2.5 2.5 -0.15 0.15 -0.15
#P2 0.15 8 45657.992 0 0 1.44 8.99997 
#X 100C
#U T=295C ATT =0 um ; ionirange=2
#C GADDS scan
#U Vantec = 1
#N 25
#L chi  H  K  L  DegC  Epoch  sec  det  ctr3  Gm  Gx  Gy  Rcur  K0  K1  K2  LV0  LV1  LV2  T_sp  T_cs  T_cs2  LST1  mon  Gt
90 -0.00701726 0.00116049 2.32447 295 130135856.850 9 0 175561 3 1098 1870 296.93768 4.87294e-09 -6e-16 0 0 0 0 100 324 0 -1 1921854 180087
78.75 -0.322854 -0.324146 2.27902 295 130135877.598 9 0 175561 3 1015 1953 298.2621 4.87294e-09 -6e-16 0 0 0 0 100 324 0 -1 1930355 177483
67.5 -0.626283 -0.636995 2.14598 295 130135898.548 9 0 175560 4 1022 994 298.07951 4.87294e-09 -6e-16 0 0 0 0 100 324 0 -1 1931982 176669
56.25 -0.905645 -0.925365 1.93047 295 130135919.327 9 0 175561 3 630 2023 297.88412 4.87294e-09 -6e-16 0 0 0 0 100 324 0 -1 1932069 181036
45 -1.1502 -1.17817 1.64078 295 130135940.200 9 0 175562 4 733 1660 297.70323 4.87294e-09 -6e-16 0 0 0 0 100 324 0 -1 1930397 193253
#C results: scan_n xMAX MAX FWHM CWHM COM SUM 
#R 7 45 193253 0 0 67.1299 908528
#C Tue Mar 01 19:49:03 2022.  GADDS scan.

#S 8  ascan  chi 90 45  4 9
#D Tue Mar 01 19:49:03 2022
#T 9  (sec)
#G0 0 0 1 0 0 1 0 0 0 0 0 0 0 0 0 0 2 2 2 2 2 0 0
#G1 5.431 5.431 5.431 90 90 90 1.156911307 1.156911307 1.156911307 90 90 90 0 0 4 2 2 4 56.1575 27.93475 89.9 -180 0 0 70.41 35.20625 54.635 -181.035 0 0 1.278144 1.278144 0 0
#G3 -0.8060933922 -0.8298512745 -0.002019183743 0.8298463816 -0.8060957142 0.002907632189 -0.003492538811 0.0005775816754 1.156905891
#G4 -0.007017262208 0.001160485905 2.324472948 1.5406 19.10596955 19.3939695 0 38.5 34.77776122 0.175316796 90 89.89417068 0.175316796 -124.7777612 0 0 0 0 0 0 0 0 54.785 0 0 0 0 0 -180 -180 -180 -180 -180 -180 -180 -180 -180 0 0 0 0 0 0 0 0 0 0 0 0
#Q -0.00701726 0.00116049 2.32447
#P0 38.5 19.25 90 0 0 0 0 0
#P1 0 -0.2 0.2 -2.5 2.5 -0.15 0.15 -0.15
#P2 0.15 8 45657.992 0 0 1.44 8.99997 
#X 100C
#U T=295C ATT =0 um ; ionirange=2
#C GADDS scan
#U Vantec = 1
#N 25
#L chi  H  K  L  DegC  Epoch  sec  det  ctr3  Gm  Gx  Gy  Rcur  K0  K1  K2  LV0  LV1  LV2  T_sp  T_cs  T_cs2  LST1  mon  Gt
90 -0.00701726 0.00116049 2.32447 295 130135976.079 9 0 175569 4 668 630 297.37138 4.87294e-09 -6e-16 0 0 0 0 100 324 0 -1 1923551 178908
78.75 -0.322854 -0.324146 2.27902 295 130135997.014 9 0 175568 4 478 242 297.18024 4.87294e-09 -6e-16 0 0 0 0 100 324 0 -1 1924108 175916
67.5 -0.626283 -0.636995 2.14598 295 130136017.762 9 0 175569 4 782 1573 296.99744 4.87294e-09 -6e-16 0 0 0 0 100 324 0 -1 1924065 175258
56.25 -0.905645 -0.925365 1.93047 295 130136038.635 9 0 175561 3 958 1915 298.45594 4.87294e-09 -6e-16 0 0 0 0 100 324 0 -1 1934477 184606
45 -1.1502 -1.17817 1.64078 295 130136059.398 9 0 175562 4 757 1376 298.27236 4.87294e-09 -6e-16 0 0 0 0 100 324 0 -1 1934041 192056
#C results: scan_n xMAX MAX FWHM CWHM COM SUM 
#R 8 45 192056 0 0 67.0659 906744
#C Tue Mar 01 19:51:02 2022.  GADDS scan.

#S 9  ascan  chi 90 45  4 9
#D Tue Mar 01 19:51:02 2022
#T 9  (sec)
#G0 0 0 1 0 0 1 0 0 0 0 0 0 0 0 0 0 2 2 2 2 2 0 0
#G1 5.431 5.431 5.431 90 90 90 1.156911307 1.156911307 1.156911307 90 90 90 0 0 4 2 2 4 56.1575 27.93475 89.9 -180 0 0 70.41 35.20625 54.635 -181.035 0 0 1.278144 1.278144 0 0
#G3 -0.8060933922 -0.8298512745 -0.002019183743 0.8298463816 -0.8060957142 0.002907632189 -0.003492538811 0.0005775816754 1.156905891
#G4 -0.007017262208 0.001160485905 2.324472948 1.5406 19.10596955 19.3939695 0 38.5 34.77776122 0.175316796 90 89.89417068 0.175316796 -124.7777612 0 0 0 0 0 0 0 0 54.785 0 0 0 0 0 -180 -180 -180 -180 -180 -180 -180 -180 -180 0 0 0 0 0 0 0 0 0 0 0 0
#Q -0.00701726 0.00116049 2.32447
#P0 38.5 19.25 90 0 0 0 0 0
#P1 0 -0.2 0.2 -2.5 2.5 -0.15 0.15 -0.15
#P2 0.15 8 45657.992 0 0 1.44 8.99997 
#X 100C
#U T=295C ATT =0 um ; ionirange=2
#C GADDS scan
#U Vantec = 1
#N 25
#L chi  H  K  L  DegC  Epoch  sec  det  ctr3  Gm  Gx  Gy  Rcur  K0  K1  K2  LV0  LV1  LV2  T_sp  T_cs  T_cs2  LST1  mon  Gt
90 -0.00701726 0.00116049 2.32447 295 130136094.904 9 0 175560 4 954 1423 297.95884 4.87294e-09 -6e-16 0 0 0 0 100 324 0 -1 1929236 182925
78.75 -0.322854 -0.324146 2.27902 295 130136115.667 9 0 175561 3 818 1948 297.76398 4.87294e-09 -6e-16 0 0 0 0 100 324 0 -1 1927170 174860
67.5 -0.626283 -0.636995 2.14598 295 130136136.446 9 0 175561 4 1020 1959 297.58257 4.87294e-09 -6e-16 0 0 0 0 100 324 0 -1 1930292 175512
56.25 -0.905645 -0.925365 1.93047 295 130136157.319 9 0 175564 4 669 1645 297.39017 4.87294e-09 -6e-16 0 0 0 0 100 324 0 -1 1932198 181469
45 -1.1502 -1.17817 1.64078 295 130136178.097 9 0 175562 4 1909 336 297.20967 4.87294e-09 -6e-16 0 0 0 0 100 324 0 -1 1931209 193046
#C results: scan_n xMAX MAX FWHM CWHM COM SUM 
#R 9 45 193046 0 0 67.1673 907812
#C Tue Mar 01 19:53:00 2022.  GADDS scan.

#S 10  ascan  chi 90 45  4 9
#D Tue Mar 01 19:53:00 2022
#T 9  (sec)
#G0 0 0 1 0 0 1 0 0 0 0 0 0 0 0 0 0 2 2 2 2 2 0 0
#G1 5.431 5.431 5.431 90 90 90 1.156911307 1.156911307 1.156911307 90 90 90 0 0 4 2 2 4 56.1575 27.93475 89.9 -180 0 0 70.41 35.20625 54.635 -181.035 0 0 1.278144 1.278144 0 0
#G3 -0.8060933922 -0.8298512745 -0.002019183743 0.8298463816 -0.8060957142 0.002907632189 -0.003492538811 0.0005775816754 1.156905891
#G4 -0.007017262208 0.001160485905 2.324472948 1.5406 19.10596955 19.3939695 0 38.5 34.77776122 0.175316796 90 89.89417068 0.175316796 -124.7777612 0 0 0 0 0 0 0 0 54.785 0 0 0 0 0 -180 -180 -180 -180 -180 -180 -180 -180 -180 0 0 0 0 0 0 0 0 0 0 0 0
#Q -0.00701726 0.00116049 2.32447
#P0 38.5 19.25 90 0 0 0 0 0
#P1 0 -0.2 0.2 -2.5 2.5 -0.15 0.15 -0.15
#P2 0.15 8 45657.992 0 0 1.44 8.99997 
#X 100C
#U T=295C ATT =0 um ; ionirange=2
#C GADDS scan
#U Vantec = 1
#N 25
#L chi  H  K  L  DegC  Epoch  sec  det  ctr3  Gm  Gx  Gy  Rcur  K0  K1  K2  LV0  LV1  LV2  T_sp  T_cs  T_cs2  LST1  mon  Gt
90 -0.00701726 0.00116049 2.32447 295 130136213.244 9 0 175561 3 1480 1957 297.22329 4.87294e-09 -6e-16 0 0 0 0 100 324 0 -1 1924526 178688
78.75 -0.322854 -0.324146 2.27902 295 130136234.179 9 0 175561 4 540 1238 297.03268 4.87294e-09 -6e-16 0 0 0 0 100 324 0 -1 1924922 176634
67.5 -0.626283 -0.636995 2.14598 295 130136254.943 9 0 175561 3 733 2034 297.18409 4.87294e-09 -6e-16 0 0 0 0 100 324 0 -1 1927185 177439
56.25 -0.905645 -0.925365 1.93047 295 130136275.722 9 0 175562 4 1048 1371 296.99151 4.87294e-09 -6e-16 0 0 0 0 100 324 0 -1 1927142 180935
45 -1.1502 -1.17817 1.64078 295 130136296.407 9 0 175561 3 998 2026 298.34601 4.87294e-09 -6e-16 0 0 0 0 100 324 0 -1 1935279 192703
#C results: scan_n xMAX MAX FWHM CWHM COM SUM 
#R 10 45 192703 0 0 67.0987 906399
#C Tue Mar 01 19:54:59 2022.  GADDS scan.

#S 11  ascan  chi 90 45  4 9
#D Tue Mar 01 19:54:59 2022
#T 9  (sec)
#G0 0 0 1 0 0 1 0 0 0 0 0 0 0 0 0 0 2 2 2 2 2 0 0
#G1 5.431 5.431 5.431 90 90 90 1.156911307 1.156911307 1.156911307 90 90 90 0 0 4 2 2 4 56.1575 27.93475 89.9 -180 0 0 70.41 35.20625 54.635 -181.035 0 0 1.278144 1.278144 0 0
#G3 -0.8060933922 -0.8298512745 -0.002019183743 0.8298463816 -0.8060957142 0.002907632189 -0.003492538811 0.0005775816754 1.156905891
#G4 -0.007017262208 0.001160485905 2.324472948 1.5406 19.10596955 19.3939695 0 38.5 34.77776122 0.175316796 90 89.89417068 0.175316796 -124.7777612 0 0 0 0 0 0 0 0 54.785 0 0 0 0 0 -180 -180 -180 -180 -180 -180 -180 -180 -180 0 0 0 0 0 0 0 0 0 0 0 0
#Q -0.00701726 0.00116049 2.32447
#P0 38.5 19.25 90 0 0 0 0 0
#P1 0 -0.2 0.2 -2.5 2.5 -0.15 0.15 -0.15
#P2 0.15 8 45657.992 0 0 1.44 8.99997 
#X 100C
#U T=295C ATT =0 um ; ionirange=2
#C GADDS scan
#U Vantec = 1
#N 25
#L chi  H  K  L  DegC  Epoch  sec  det  ctr3  Gm  Gx  Gy  Rcur  K0  K1  K2  LV0  LV1  LV2  T_sp  T_cs  T_cs2  LST1  mon  Gt
90 -0.00701726 0.00116049 2.32447 295 130136331.928 9 0 175568 3 948 1994 298.02762 4.87294e-09 -6e-16 0 0 0 0 100 324 0 -1 1927426 179094
78.75 -0.322854 -0.324146 2.27902 295 130136352.878 9 0 175568 4 260 1156 297.83437 4.87294e-09 -6e-16 0 0 0 0 100 324 0 -1 1927596 178840
67.5 -0.626283 -0.636995 2.14598 295 130136373.595 9 0 175568 4 938 1308 297.65225 4.87294e-09 -6e-16 0 0 0 0 100 324 0 -1 1926842 175410
56.25 -0.905645 -0.925365 1.93047 295 130136394.296 9 0 175562 4 126 1086 297.46295 4.87294e-09 -6e-16 0 0 0 0 100 324 0 -1 1927044 182250
45 -1.1502 -1.17817 1.64078 295 130136415.231 9 0 175561 4 943 1712 297.28007 4.87294e-09 -6e-16 0 0 0 0 100 324 0 -1 1927075 192133
#C results: scan_n xMAX MAX FWHM CWHM COM SUM 
#R 11 45 192133 0 0 67.1345 907727
#C Tue Mar 01 19:56:58 2022.  GADDS scan.

#S 12  ascan  chi 90 45  4 9
#D Tue Mar 01 19:56:58 2022
#T 9  (sec)
#G0 0 0 1 0 0 1 0 0 0 0 0 0 0 0 0 0 2 2 2 2 2 0 0
#G1 5.431 5.431 5.431 90 90 90 1.156911307 1.156911307 1.156911307 90 90 90 0 0 4 2 2 4 56.1575 27.93475 89.9 -180 0 0 70.41 35.20625 54.635 -181.035 0 0 1.278144 1.278144 0 0
#G3 -0.8060933922 -0.8298512745 -0.002019183743 0.8298463816 -0.8060957142 0.002907632189 -0.003492538811 0.0005775816754 1.156905891
#G4 -0.007017262208 0.001160485905 2.324472948 1.5406 19.10596955 19.3939695 0 38.5 34.77776122 0.175316796 90 89.89417068 0.175316796 -124.7777612 0 0 0 0 0 0 0 0 54.785 0 0 0 0 0 -180 -180 -180 -180 -180 -180 -180 -180 -180 0 0 0 0 0 0 0 0 0 0 0 0
#Q -0.00701726 0.00116049 2.32447
#P0 38.5 19.25 90 0 0 0 0 0
#P1 0 -0.2 0.2 -2.5 2.5 -0.15 0.15 -0.15
#P2 0.15 8 45657.992 0 0 1.44 8.99997 
#X 100C
#U T=295C ATT =0 um ; ionirange=2
#C GADDS scan
#U Vantec = 1
#N 25
#L chi  H  K  L  DegC  Epoch  sec  det  ctr3  Gm  Gx  Gy  Rcur  K0  K1  K2  LV0  LV1  LV2  T_sp  T_cs  T_cs2  LST1  mon  Gt
90 -0.00701726 0.00116049 2.32447 295 130136451.189 9 0 175562 4 1810 1549 296.95439 4.87294e-09 -6e-16 0 0 0 0 100 324 0 -1 1919777 180386
78.75 -0.322854 -0.324146 2.27902 295 130136472.077 9 0 175561 4 1237 763 298.34409 4.87294e-09 -6e-16 0 0 0 0 100 324 0 -1 1928763 176669
67.5 -0.626283 -0.636995 2.14598 295 130136492.809 9 0 175562 4 792 1073 298.14939 4.87294e-09 -6e-16 0 0 0 0 100 324 0 -1 1928973 173892
56.25 -0.905645 -0.925365 1.93047 295 130136513.792 9 0 175560 4 766 1284 297.96689 4.87294e-09 -6e-16 0 0 0 0 100 324 0 -1 1929997 183118
45 -1.1502 -1.17817 1.64078 295 130136534.710 9 0 175560 3 1401 2041 297.77564 4.87294e-09 -6e-16 0 0 0 0 100 324 0 -1 1929515 193395
#C results: scan_n xMAX MAX FWHM CWHM COM SUM 
#R 12 45 193395 0 0 67.0975 907460
#C Tue Mar 01 19:58:57 2022.  GADDS scan.

#S 13  ascan  chi 90 45  4 9
#D Tue Mar 01 19:58:57 2022
#T 9  (sec)
#G0 0 0 1 0 0 1 0 0 0 0 0 0 0 0 0 0 2 2 2 2 2 0 0
#G1 5.431 5.431 5.431 90 90 90 1.156911307 1.156911307 1.156911307 90 90 90 0 0 4 2 2 4 56.1575 27.93475 89.9 -180 0 0 70.41 35.20625 54.635 -181.035 0 0 1.278144 1.278144 0 0
#G3 -0.8060933922 -0.8298512745 -0.002019183743 0.8298463816 -0.8060957142 0.002907632189 -0.003492538811 0.0005775816754 1.156905891
#G4 -0.007017262208 0.001160485905 2.324472948 1.5406 19.10596955 19.3939695 0 38.5 34.77776122 0.175316796 90 89.89417068 0.175316796 -124.7777612 0 0 0 0 0 0 0 0 54.785 0 0 0 0 0 -180 -180 -180 -180 -180 -180 -180 -180 -180 0 0 0 0 0 0 0 0 0 0 0 0
#Q -0.00701726 0.00116049 2.32447
#P0 38.5 19.25 90 0 0 0 0 0
#P1 0 -0.2 0.2 -2.5 2.5 -0.15 0.15 -0.15
#P2 0.15 8 45657.992 0 0 1.44 8.99997 
#X 100C
#U T=295C ATT =0 um ; ionirange=2
#C GADDS scan
#U Vantec = 1
#N 25
#L chi  H  K  L  DegC  Epoch  sec  det  ctr3  Gm  Gx  Gy  Rcur  K0  K1  K2  LV0  LV1  LV2  T_sp  T_cs  T_cs2  LST1  mon  Gt
90 -0.00701726 0.00116049 2.32447 295 130136570.201 9 0 175561 4 619 191 297.45626 4.87294e-09 -6e-16 0 0 0 0 100 324 0 -1 1921627 177395
78.75 -0.322854 -0.324146 2.27902 295 130136590.901 9 0 175562 5 1281 1525 297.27152 4.87294e-09 -6e-16 0 0 0 0 100 324 0 -1 1922738 177515
67.5 -0.626283 -0.636995 2.14598 295 130136611.852 9 0 175561 4 511 1148 297.08118 4.87294e-09 -6e-16 0 0 0 0 100 324 0 -1 1922318 173795
56.25 -0.905645 -0.925365 1.93047 295 130136632.600 9 0 175561 4 1238 690 297.22635 4.87294e-09 -6e-16 0 0 0 0 100 324 0 -1 1923082 180744
45 -1.1502 -1.17817 1.64078 295 130136653.519 9 0 175562 3 1429 1946 297.04295 4.87294e-09 -6e-16 0 0 0 0 100 324 0 -1 1924214 191386
#C results: scan_n xMAX MAX FWHM CWHM COM SUM 
#R 13 45 191386 0 0 67.1102 900835
#C Tue Mar 01 20:00:56 2022.  GADDS scan.

#S 14  ascan  chi 90 45  4 9
#D Tue Mar 01 20:00:56 2022
#T 9  (sec)
#G0 0 0 1 0 0 1 0 0 0 0 0 0 0 0 0 0 2 2 2 2 2 0 0
#G1 5.431 5.431 5.431 90 90 90 1.156911307 1.156911307 1.156911307 90 90 90 0 0 4 2 2 4 56.1575 27.93475 89.9 -180 0 0 70.41 35.20625 54.635 -181.035 0 0 1.278144 1.278144 0 0
#G3 -0.8060933922 -0.8298512745 -0.002019183743 0.8298463816 -0.8060957142 0.002907632189 -0.003492538811 0.0005775816754 1.156905891
#G4 -0.007017262208 0.001160485905 2.324472948 1.5406 19.10596955 19.3939695 0 38.5 34.77776122 0.175316796 90 89.89417068 0.175316796 -124.7777612 0 0 0 0 0 0 0 0 54.785 0 0 0 0 0 -180 -180 -180 -180 -180 -180 -180 -180 -180 0 0 0 0 0 0 0 0 0 0 0 0
#Q -0.00701726 0.00116049 2.32447
#P0 38.5 19.25 90 0 0 0 0 0
#P1 0 -0.2 0.2 -2.5 2.5 -0.15 0.15 -0.15
#P2 0.15 8 45657.992 0 0 1.44 8.99997 
#X 100C
#U T=295C ATT =0 um ; ionirange=2
#C GADDS scan
#U Vantec = 1
#N 25
#L chi  H  K  L  DegC  Epoch  sec  det  ctr3  Gm  Gx  Gy  Rcur  K0  K1  K2  LV0  LV1  LV2  T_sp  T_cs  T_cs2  LST1  mon  Gt
90 -0.00701726 0.00116049 2.32447 295 130136689.039 9 0 175568 3 732 1978 297.07547 4.87294e-09 -6e-16 0 0 0 0 100 324 0 -1 1920749 178227
78.75 -0.322854 -0.324146 2.27902 295 130136709.975 9 0 175569 4 1373 1504 298.45182 4.87294e-09 -6e-16 0 0 0 0 100 324 0 -1 1923212 176027
67.5 -0.626283 -0.636995 2.14598 295 130136730.894 9 0 175569 4 157 1061 298.25647 4.87294e-09 -6e-16 0 0 0 0 100 324 0 -1 1931602 175728
56.25 -0.905645 -0.925365 1.93047 295 130136751.705 9 0 175564 3 1566 1828 298.07416 4.87294e-09 -6e-16 0 0 0 0 100 324 0 -1 1931374 180376
45 -1.1502 -1.17817 1.64078 295 130136772.624 9 0 175563 4 510 1726 297.88129 4.87294e-09 -6e-16 0 0 0 0 100 324 0 -1 1931276 192384
#C results: scan_n xMAX MAX FWHM CWHM COM SUM 
#R 14 45 192384 0 0 67.093 902742
#C Tue Mar 01 20:02:55 2022.  GADDS scan.

#S 15  ascan  chi 90 45  4 9
#D Tue Mar 01 20:02:55 2022
#T 9  (sec)
#G0 0 0 1 0 0 1 0 0 0 0 0 0 0 0 0 0 2 2 2 2 2 0 0
#G1 5.431 5.431 5.431 90 90 90 1.156911307 1.156911307 1.156911307 90 90 90 0 0 4 2 2 4 56.1575 27.93475 89.9 -180 0 0 70.41 35.20625 54.635 -181.035 0 0 1.278144 1.278144 0 0
#G3 -0.8060933922 -0.8298512745 -0.002019183743 0.8298463816 -0.8060957142 0.002907632189 -0.003492538811 0.0005775816754 1.156905891
#G4 -0.007017262208 0.001160485905 2.324472948 1.5406 19.10596955 19.3939695 0 38.5 34.77776122 0.175316796 90 89.89417068 0.175316796 -124.7777612 0 0 0 0 0 0 0 0 54.785 0 0 0 0 0 -180 -180 -180 -180 -180 -180 -180 -180 -180 0 0 0 0 0 0 0 0 0 0 0 0
#Q -0.00701726 0.00116049 2.32447
#P0 38.5 19.25 90 0 0 0 0 0
#P1 0 -0.2 0.2 -2.5 2.5 -0.15 0.15 -0.15
#P2 0.15 8 45657.992 0 0 1.44 8.99997 
#X 100C
#U T=295C ATT =0 um ; ionirange=2
#C GADDS scan
#U Vantec = 1
#N 25
#L chi  H  K  L  DegC  Epoch  sec  det  ctr3  Gm  Gx  Gy  Rcur  K0  K1  K2  LV0  LV1  LV2  T_sp  T_cs  T_cs2  LST1  mon  Gt
90 -0.00701726 0.00116049 2.32447 295 130136808.145 9 0 175563 4 767 946 297.56024 4.87294e-09 -6e-16 0 0 0 0 100 324 0 -1 1924943 178383
78.75 -0.322854 -0.324146 2.27902 295 130136829.096 9 0 175563 4 78 1058 297.37036 4.87294e-09 -6e-16 0 0 0 0 100 324 0 -1 1925158 177283
67.5 -0.626283 -0.636995 2.14598 295 130136849.859 9 0 175562 3 723 2028 297.18985 4.87294e-09 -6e-16 0 0 0 0 100 324 0 -1 1925348 173475
56.25 -0.905645 -0.925365 1.93047 295 130136870.622 9 0 175563 4 404 886 297.00328 4.87294e-09 -6e-16 0 0 0 0 100 324 0 -1 1923921 179982
45 -1.1502 -1.17817 1.64078 295 130136891.385 9 0 175562 4 1340 1391 297.12102 4.87294e-09 -6e-16 0 0 0 0 100 324 0 -1 1926212 191707
#C results: scan_n xMAX MAX FWHM CWHM COM SUM 
#R 15 45 191707 0 0 67.1335 900830
#C Tue Mar 01 20:04:54 2022.  GADDS scan.

#S 16  ascan  chi 90 45  4 9
#D Tue Mar 01 20:04:54 2022
#T 9  (sec)
#G0 0 0 1 0 0 1 0 0 0 0 0 0 0 0 0 0 2 2 2 2 2 0 0
#G1 5.431 5.431 5.431 90 90 90 1.156911307 1.156911307 1.156911307 90 90 90 0 0 4 2 2 4 56.1575 27.93475 89.9 -180 0 0 70.41 35.20625 54.635 -181.035 0 0 1.278144 1.278144 0 0
#G3 -0.8060933922 -0.8298512745 -0.002019183743 0.8298463816 -0.8060957142 0.002907632189 -0.003492538811 0.0005775816754 1.156905891
#G4 -0.007017262208 0.001160485905 2.324472948 1.5406 19.10596955 19.3939695 0 38.5 34.77776122 0.175316796 90 89.89417068 0.175316796 -124.7777612 0 0 0 0 0 0 0 0 54.785 0 0 0 0 0 -180 -180 -180 -180 -180 -180 -180 -180 -180 0 0 0 0 0 0 0 0 0 0 0 0
#Q -0.00701726 0.00116049 2.32447
#P0 38.5 19.25 90 0 0 0 0 0
#P1 0 -0.2 0.2 -2.5 2.5 -0.15 0.15 -0.15
#P2 0.15 8 45657.992 0 0 1.44 8.99997 
#X 100C
#U T=295C ATT =0 um ; ionirange=2
#C GADDS scan
#U Vantec = 1
#N 25
#L chi  H  K  L  DegC  Epoch  sec  det  ctr3  Gm  Gx  Gy  Rcur  K0  K1  K2  LV0  LV1  LV2  T_sp  T_cs  T_cs2  LST1  mon  Gt
90 -0.00701726 0.00116049 2.32447 295 130136926.907 9 0 175562 3 965 2009 297.12695 4.87294e-09 -6e-16 0 0 0 0 100 324 0 -1 1921359 179100
78.75 -0.322854 -0.324146 2.27902 295 130136947.779 9 0 175563 4 257 911 296.93377 4.87294e-09 -6e-16 0 0 0 0 100 324 0 -1 1921738 175028
67.5 -0.626283 -0.636995 2.14598 295 130136968.543 9 0 175563 3 1252 1905 298.28447 4.87294e-09 -6e-16 0 0 0 0 100 324 0 -1 1930958 176340
56.25 -0.905645 -0.925365 1.93047 295 130136989.306 9 0 175563 3 1418 1999 298.0924 4.87294e-09 -6e-16 0 0 0 0 100 324 0 -1 1931017 181326
45 -1.1502 -1.17817 1.64078 295 130137010.069 9 0 175563 4 1509 1790 297.90873 4.87294e-09 -6e-16 0 0 0 0 100 324 0 -1 1931364 189683
#C results: scan_n xMAX MAX FWHM CWHM COM SUM 
#R 16 45 189683 0 0 67.1573 901477
#C Tue Mar 01 20:06:53 2022.  GADDS scan.

#S 17  ascan  chi 90 45  4 9
#D Tue Mar 01 20:06:53 2022
#T 9  (sec)
#G0 0 0 1 0 0 1 0 0 0 0 0 0 0 0 0 0 2 2 2 2 2 0 0
#G1 5.431 5.431 5.431 90 90 90 1.156911307 1.156911307 1.156911307 90 90 90 0 0 4 2 2 4 56.1575 27.93475 89.9 -180 0 0 70.41 35.20625 54.635 -181.035 0 0 1.278144 1.278144 0 0
#G3 -0.8060933922 -0.8298512745 -0.002019183743 0.8298463816 -0.8060957142 0.002907632189 -0.003492538811 0.0005775816754 1.156905891
#G4 -0.007017262208 0.001160485905 2.324472948 1.5406 19.10596955 19.3939695 0 38.5 34.77776122 0.175316796 90 89.89417068 0.175316796 -124.7777612 0 0 0 0 0 0 0 0 54.785 0 0 0 0 0 -180 -180 -180 -180 -180 -180 -180 -180 -180 0 0 0 0 0 0 0 0 0 0 0 0
#Q -0.00701726 0.00116049 2.32447
#P0 38.5 19.25 90 0 0 0 0 0
#P1 0 -0.2 0.2 -2.5 2.5 -0.15 0.15 -0.15
#P2 0.15 8 45657.992 0 0 1.44 8.99997 
#X 100C
#U T=295C ATT =0 um ; ionirange=2
#C GADDS scan
#U Vantec = 1
#N 25
#L chi  H  K  L  DegC  Epoch  sec  det  ctr3  Gm  Gx  Gy  Rcur  K0  K1  K2  LV0  LV1  LV2  T_sp  T_cs  T_cs2  LST1  mon  Gt
90 -0.00701726 0.00116049 2.32447 295 130137045.559 9 0 175569 4 857 1055 297.58534 4.87294e-09 -6e-16 0 0 0 0 100 324 0 -1 1924552 179220
78.75 -0.322854 -0.324146 2.27902 295 130137066.494 9 0 175570 3 801 1968 297.39272 4.87294e-09 -6e-16 0 0 0 0 100 324 0 -1 1924636 173820
67.5 -0.626283 -0.636995 2.14598 295 130137087.414 9 0 175570 4 572 1807 297.21071 4.87294e-09 -6e-16 0 0 0 0 100 324 0 -1 1924719 174199
56.25 -0.905645 -0.925365 1.93047 295 130137108.286 9 0 175567 4 969 1850 297.02015 4.87294e-09 -6e-16 0 0 0 0 100 324 0 -1 1924904 180148
45 -1.1502 -1.17817 1.64078 295 130137129.049 9 0 175563 4 272 805 297.14674 4.87294e-09 -6e-16 0 0 0 0 100 324 0 -1 1927772 190470
#C results: scan_n xMAX MAX FWHM CWHM COM SUM 
#R 17 45 190470 0 0 67.1388 897857
#C Tue Mar 01 20:08:52 2022.  GADDS scan.

#S 18  ascan  chi 90 45  4 9
#D Tue Mar 01 20:08:52 2022
#T 9  (sec)
#G0 0 0 1 0 0 1 0 0 0 0 0 0 0 0 0 0 2 2 2 2 2 0 0
#G1 5.431 5.431 5.431 90 90 90 1.156911307 1.156911307 1.156911307 90 90 90 0 0 4 2 2 4 56.1575 27.93475 89.9 -180 0 0 70.41 35.20625 54.635 -181.035 0 0 1.278144 1.278144 0 0
#G3 -0.8060933922 -0.8298512745 -0.002019183743 0.8298463816 -0.8060957142 0.002907632189 -0.003492538811 0.0005775816754 1.156905891
#G4 -0.007017262208 0.001160485905 2.324472948 1.5406 19.10596955 19.3939695 0 38.5 34.77776122 0.175316796 90 89.89417068 0.175316796 -124.7777612 0 0 0 0 0 0 0 0 54.785 0 0 0 0 0 -180 -180 -180 -180 -180 -180 -180 -180 -180 0 0 0 0 0 0 0 0 0 0 0 0
#Q -0.00701726 0.00116049 2.32447
#P0 38.5 19.25 90 0 0 0 0 0
#P1 0 -0.2 0.2 -2.5 2.5 -0.15 0.15 -0.15
#P2 0.15 8 45657.992 0 0 1.44 8.99997 
#X 100C
#U T=295C ATT =0 um ; ionirange=2
#C GADDS scan
#U Vantec = 1
#N 25
#L chi  H  K  L  DegC  Epoch  sec  det  ctr3  Gm  Gx  Gy  Rcur  K0  K1  K2  LV0  LV1  LV2  T_sp  T_cs  T_cs2  LST1  mon  Gt
90 -0.00701726 0.00116049 2.32447 295 130137164.555 9 0 175562 3 387 1802 298.35549 4.87294e-09 -6e-16 0 0 0 0 100 324 0 -1 1927163 180173
78.75 -0.322854 -0.324146 2.27902 295 130137185.318 9 0 175562 4 306 1220 298.16928 4.87294e-09 -6e-16 0 0 0 0 100 324 0 -1 1929934 176557
67.5 -0.626283 -0.636995 2.14598 295 130137206.097 9 0 175562 4 1102 1662 297.97843 4.87294e-09 -6e-16 0 0 0 0 100 324 0 -1 1930150 172371
56.25 -0.905645 -0.925365 1.93047 295 130137226.986 9 0 175562 4 1029 571 297.79054 4.87294e-09 -6e-16 0 0 0 0 100 324 0 -1 1930420 179324
45 -1.1502 -1.17817 1.64078 295 130137247.671 9 0 175562 4 275 929 297.60717 4.87294e-09 -6e-16 0 0 0 0 100 324 0 -1 1930200 192103
#C results: scan_n xMAX MAX FWHM CWHM COM SUM 
#R 18 45 192103 0 0 67.1674 900528
#C Tue Mar 01 20:10:50 2022.  GADDS scan.

#S 19  ascan  chi 90 45  4 9
#D Tue Mar 01 20:10:50 2022
#T 9  (sec)
#G0 0 0 1 0 0 1 0 0 0 0 0 0 0 0 0 0 2 2 2 2 2 0 0
#G1 5.431 5.431 5.431 90 90 90 1.156911307 1.156911307 1.156911307 90 90 90 0 0 4 2 2 4 56.1575 27.93475 89.9 -180 0 0 70.41 35.20625 54.635 -181.035 0 0 1.278144 1.278144 0 0
#G3 -0.8060933922 -0.8298512745 -0.002019183743 0.8298463816 -0.8060957142 0.002907632189 -0.003492538811 0.0005775816754 1.156905891
#G4 -0.007017262208 0.001160485905 2.324472948 1.5406 19.10596955 19.3939695 0 38.5 34.77776122 0.175316796 90 89.89417068 0.175316796 -124.7777612 0 0 0 0 0 0 0 0 54.785 0 0 0 0 0 -180 -180 -180 -180 -180 -180 -180 -180 -180 0 0 0 0 0 0 0 0 0 0 0 0
#Q -0.00701726 0.00116049 2.32447
#P0 38.5 19.25 90 0 0 0 0 0
#P1 0 -0.2 0.2 -2.5 2.5 -0.15 0.15 -0.15
#P2 0.15 8 45657.992 0 0 1.44 8.99997 
#X 100C
#U T=295C ATT =0 um ; ionirange=2
#C GADDS scan
#U Vantec = 1
#N 25
#L chi  H  K  L  DegC  Epoch  sec  det  ctr3  Gm  Gx  Gy  Rcur  K0  K1  K2  LV0  LV1  LV2  T_sp  T_cs  T_cs2  LST1  mon  Gt
90 -0.00701726 0.00116049 2.32447 295 130137283.129 9 0 175563 4 832 1453 297.27707 4.87294e-09 -6e-16 0 0 0 0 100 324 0 -1 1923667 179022
78.75 -0.322854 -0.324146 2.27902 295 130137304.002 9 0 175562 4 729 1460 297.09098 4.87294e-09 -6e-16 0 0 0 0 100 324 0 -1 1925332 174594
67.5 -0.626283 -0.636995 2.14598 295 130137324.765 9 0 175560 3 1009 1887 298.51707 4.87294e-09 -6e-16 0 0 0 0 100 324 0 -1 1932845 175486
56.25 -0.905645 -0.925365 1.93047 295 130137345.529 9 0 175560 4 591 1289 298.33146 4.87294e-09 -6e-16 0 0 0 0 100 324 0 -1 1932931 179762
45 -1.1502 -1.17817 1.64078 295 130137366.307 9 0 175560 4 1200 1858 298.13896 4.87294e-09 -6e-16 0 0 0 0 100 324 0 -1 1933028 192333
#C results: scan_n xMAX MAX FWHM CWHM COM SUM 
#R 19 45 192333 0 0 67.1032 901197
#C Tue Mar 01 20:12:49 2022.  GADDS scan.

#S 20  ascan  chi 90 45  4 9
#D Tue Mar 01 20:12:49 2022
#T 9  (sec)
#G0 0 0 1 0 0 1 0 0 0 0 0 0 0 0 0 0 2 2 2 2 2 0 0
#G1 5.431 5.431 5.431 90 90 90 1.156911307 1.156911307 1.156911307 90 90 90 0 0 4 2 2 4 56.1575 27.93475 89.9 -180 0 0 70.41 35.20625 54.635 -181.035 0 0 1.278144 1.278144 0 0
#G3 -0.8060933922 -0.8298512745 -0.002019183743 0.8298463816 -0.8060957142 0.002907632189 -0.003492538811 0.0005775816754 1.156905891
#G4 -0.007017262208 0.001160485905 2.324472948 1.5406 19.10596955 19.3939695 0 38.5 34.77776122 0.175316796 90 89.89417068 0.175316796 -124.7777612 0 0 0 0 0 0 0 0 54.785 0 0 0 0 0 -180 -180 -180 -180 -180 -180 -180 -180 -180 0 0 0 0 0 0 0 0 0 0 0 0
#Q -0.00701726 0.00116049 2.32447
#P0 38.5 19.25 90 0 0 0 0 0
#P1 0 -0.2 0.2 -2.5 2.5 -0.15 0.15 -0.15
#P2 0.15 8 45657.992 0 0 1.44 8.99997 
#X 100C
#U T=295C ATT =0 um ; ionirange=2
#C GADDS scan
#U Vantec = 1
#N 25
#L chi  H  K  L  DegC  Epoch  sec  det  ctr3  Gm  Gx  Gy  Rcur  K0  K1  K2  LV0  LV1  LV2  T_sp  T_cs  T_cs2  LST1  mon  Gt
90 -0.00701726 0.00116049 2.32447 295 130137401.797 9 0 175567 4 1059 784 297.81452 4.87294e-09 -6e-16 0 0 0 0 100 324 0 -1 1929173 179585
78.75 -0.322854 -0.324146 2.27902 295 130137422.561 9 0 175567 4 649 1261 297.63236 4.87294e-09 -6e-16 0 0 0 0 100 324 0 -1 1929755 176140
67.5 -0.626283 -0.636995 2.14598 295 130137443.308 9 0 175567 3 1028 1964 297.43929 4.87294e-09 -6e-16 0 0 0 0 100 324 0 -1 1929118 171880
56.25 -0.905645 -0.925365 1.93047 295 130137464.259 9 0 175567 4 577 919 297.25533 4.87294e-09 -6e-16 0 0 0 0 100 324 0 -1 1929768 178697
45 -1.1502 -1.17817 1.64078 295 130137484.960 9 0 175560 3 1289 2012 297.0635 4.87294e-09 -6e-16 0 0 0 0 100 324 0 -1 1929903 191076
#C results: scan_n xMAX MAX FWHM CWHM COM SUM 
#R 20 45 191076 0 0 67.1798 897378
#C Tue Mar 01 20:14:48 2022.  GADDS scan.

#S 21  ascan  chi 90 45  4 9
#D Tue Mar 01 20:14:48 2022
#T 9  (sec)
#G0 0 0 1 0 0 1 0 0 0 0 0 0 0 0 0 0 2 2 2 2 2 0 0
#G1 5.431 5.431 5.431 90 90 90 1.156911307 1.156911307 1.156911307 90 90 90 0 0 4 2 2 4 56.1575 27.93475 89.9 -180 0 0 70.41 35.20625 54.635 -181.035 0 0 1.278144 1.278144 0 0
#G3 -0.8060933922 -0.8298512745 -0.002019183743 0.8298463816 -0.8060957142 0.002907632189 -0.003492538811 0.0005775816754 1.156905891
#G4 -0.007017262208 0.001160485905 2.324472948 1.5406 19.10596955 19.3939695 0 38.5 34.77776122 0.175316796 90 89.89417068 0.175316796 -124.7777612 0 0 0 0 0 0 0 0 54.785 0 0 0 0 0 -180 -180 -180 -180 -180 -180 -180 -180 -180 0 0 0 0 0 0 0 0 0 0 0 0
#Q -0.00701726 0.00116049 2.32447
#P0 38.5 19.25 90 0 0 0 0 0
#P1 0 -0.2 0.2 -2.5 2.5 -0.15 0.15 -0.15
#P2 0.15 8 45657.992 0 0 1.44 8.99997 
#X 100C
#U T=295C ATT =0 um ; ionirange=2
#C GADDS scan
#U Vantec = 1
#N 25
#L chi  H  K  L  DegC  Epoch  sec  det  ctr3  Gm  Gx  Gy  Rcur  K0  K1  K2  LV0  LV1  LV2  T_sp  T_cs  T_cs2  LST1  mon  Gt
90 -0.00701726 0.00116049 2.32447 295 130137520.481 9 0 175561 4 353 1483 298.1153 4.87294e-09 -6e-16 0 0 0 0 100 324 0 -1 1930543 178588
78.75 -0.322854 -0.324146 2.27902 295 130137541.245 9 0 175559 3 1022 1936 297.92957 4.87294e-09 -6e-16 0 0 0 0 100 324 0 -1 1930068 174960
67.5 -0.626283 -0.636995 2.14598 295 130137562.024 9 0 175560 4 994 1709 297.7365 4.87294e-09 -6e-16 0 0 0 0 100 324 0 -1 1929975 175802
56.25 -0.905645 -0.925365 1.93047 295 130137582.896 9 0 175559 4 238 1563 297.55289 4.87294e-09 -6e-16 0 0 0 0 100 324 0 -1 1929927 178223
45 -1.1502 -1.17817 1.64078 295 130137603.644 9 0 175560 3 780 2029 297.36083 4.87294e-09 -6e-16 0 0 0 0 100 324 0 -1 1930212 190169
#C results: scan_n xMAX MAX FWHM CWHM COM SUM 
#R 21 45 190169 0 0 67.1689 897742
#C Tue Mar 01 20:16:46 2022.  GADDS scan.

#S 22  ascan  chi 90 45  4 9
#D Tue Mar 01 20:16:46 2022
#T 9  (sec)
#G0 0 0 1 0 0 1 0 0 0 0 0 0 0 0 0 0 2 2 2 2 2 0 0
#G1 5.431 5.431 5.431 90 90 90 1.156911307 1.156911307 1.156911307 90 90 90 0 0 4 2 2 4 56.1575 27.93475 89.9 -180 0 0 70.41 35.20625 54.635 -181.035 0 0 1.278144 1.278144 0 0
#G3 -0.8060933922 -0.8298512745 -0.002019183743 0.8298463816 -0.8060957142 0.002907632189 -0.003492538811 0.0005775816754 1.156905891
#G4 -0.007017262208 0.001160485905 2.324472948 1.5406 19.10596955 19.3939695 0 38.5 34.77776122 0.175316796 90 89.89417068 0.175316796 -124.7777612 0 0 0 0 0 0 0 0 54.785 0 0 0 0 0 -180 -180 -180 -180 -180 -180 -180 -180 -180 0 0 0 0 0 0 0 0 0 0 0 0
#Q -0.00701726 0.00116049 2.32447
#P0 38.5 19.25 90 0 0 0 0 0
#P1 0 -0.2 0.2 -2.5 2.5 -0.15 0.15 -0.15
#P2 0.15 8 45657.992 0 0 1.44 8.99997 
#X 100C
#U T=295C ATT =0 um ; ionirange=2
#C GADDS scan
#U Vantec = 1
#N 25
#L chi  H  K  L  DegC  Epoch  sec  det  ctr3  Gm  Gx  Gy  Rcur  K0  K1  K2  LV0  LV1  LV2  T_sp  T_cs  T_cs2  LST1  mon  Gt
90 -0.00701726 0.00116049 2.32447 295 130137639.133 9 0 175560 4 1385 341 297.04093 4.87294e-09 -6e-16 0 0 0 0 100 324 0 -1 1923343 178238
78.75 -0.322854 -0.324146 2.27902 295 130137659.851 9 0 175559 3 881 2004 298.43353 4.87294e-09 -6e-16 0 0 0 0 100 324 0 -1 1931799 174617
67.5 -0.626283 -0.636995 2.14598 295 130137680.551 9 0 175560 4 672 311 298.23884 4.87294e-09 -6e-16 0 0 0 0 100 324 0 -1 1931347 172963
56.25 -0.905645 -0.925365 1.93047 295 130137701.268 9 0 175560 3 677 1959 298.05415 4.87294e-09 -6e-16 0 0 0 0 100 324 0 -1 1931507 177347
45 -1.1502 -1.17817 1.64078 295 130137722.171 9 0 175560 4 425 1269 297.93285 4.87294e-09 -6e-16 0 0 0 0 100 324 0 -1 1931879 190152
#C results: scan_n xMAX MAX FWHM CWHM COM SUM 
#R 22 45 190152 0 0 67.1655 893317
#C Tue Mar 01 20:18:45 2022.  GADDS scan.

#S 23  ascan  chi 90 45  4 9
#D Tue Mar 01 20:18:45 2022
#T 9  (sec)
#G0 0 0 1 0 0 1 0 0 0 0 0 0 0 0 0 0 2 2 2 2 2 0 0
#G1 5.431 5.431 5.431 90 90 90 1.156911307 1.156911307 1.156911307 90 90 90 0 0 4 2 2 4 56.1575 27.93475 89.9 -180 0 0 70.41 35.20625 54.635 -181.035 0 0 1.278144 1.278144 0 0
#G3 -0.8060933922 -0.8298512745 -0.002019183743 0.8298463816 -0.8060957142 0.002907632189 -0.003492538811 0.0005775816754 1.156905891
#G4 -0.007017262208 0.001160485905 2.324472948 1.5406 19.10596955 19.3939695 0 38.5 34.77776122 0.175316796 90 89.89417068 0.175316796 -124.7777612 0 0 0 0 0 0 0 0 54.785 0 0 0 0 0 -180 -180 -180 -180 -180 -180 -180 -180 -180 0 0 0 0 0 0 0 0 0 0 0 0
#Q -0.00701726 0.00116049 2.32447
#P0 38.5 19.25 90 0 0 0 0 0
#P1 0 -0.2 0.2 -2.5 2.5 -0.15 0.15 -0.15
#P2 0.15 8 45657.992 0 0 1.44 8.99997 
#X 100C
#U T=295C ATT =0 um ; ionirange=2
#C GADDS scan
#U Vantec = 1
#N 25
#L chi  H  K  L  DegC  Epoch  sec  det  ctr3  Gm  Gx  Gy  Rcur  K0  K1  K2  LV0  LV1  LV2  T_sp  T_cs  T_cs2  LST1  mon  Gt
90 -0.00701726 0.00116049 2.32447 295 130137757.661 9 0 175566 4 469 403 297.53776 4.87294e-09 -6e-16 0 0 0 0 100 324 0 -1 1922852 177296
78.75 -0.322854 -0.324146 2.27902 295 130137778.425 9 0 175567 4 271 941 297.35641 4.87294e-09 -6e-16 0 0 0 0 100 324 0 -1 1922131 174952
67.5 -0.626283 -0.636995 2.14598 295 130137799.360 9 0 175568 3 1082 1885 297.16441 4.87294e-09 -6e-16 0 0 0 0 100 324 0 -1 1921975 173015
56.25 -0.905645 -0.925365 1.93047 295 130137820.295 9 0 175567 4 1956 1677 296.98248 4.87294e-09 -6e-16 0 0 0 0 100 324 0 -1 1921582 175048
45 -1.1502 -1.17817 1.64078 295 130137841.214 9 0 175559 4 1702 1159 297.13632 4.87294e-09 -6e-16 0 0 0 0 100 324 0 -1 1921869 188745
#C results: scan_n xMAX MAX FWHM CWHM COM SUM 
#R 23 45 188745 0 0 67.209 889056
#C Tue Mar 01 20:20:44 2022.  GADDS scan.

#S 24  ascan  chi 90 45  4 9
#D Tue Mar 01 20:20:44 2022
#T 9  (sec)
#G0 0 0 1 0 0 1 0 0 0 0 0 0 0 0 0 0 2 2 2 2 2 0 0
#G1 5.431 5.431 5.431 90 90 90 1.156911307 1.156911307 1.156911307 90 90 90 0 0 4 2 2 4 56.1575 27.93475 89.9 -180 0 0 70.41 35.20625 54.635 -181.035 0 0 1.278144 1.278144 0 0
#G3 -0.8060933922 -0.8298512745 -0.002019183743 0.8298463816 -0.8060957142 0.002907632189 -0.003492538811 0.0005775816754 1.156905891
#G4 -0.007017262208 0.001160485905 2.324472948 1.5406 19.10596955 19.3939695 0 38.5 34.77776122 0.175316796 90 89.89417068 0.175316796 -124.7777612 0 0 0 0 0 0 0 0 54.785 0 0 0 0 0 -180 -180 -180 -180 -180 -180 -180 -180 -180 0 0 0 0 0 0 0 0 0 0 0 0
#Q -0.00701726 0.00116049 2.32447
#P0 38.5 19.25 90 0 0 0 0 0
#P1 0 -0.2 0.2 -2.5 2.5 -0.15 0.15 -0.15
#P2 0.15 8 45657.992 0 0 1.44 8.99997 
#X 100C
#U T=295C ATT =0 um ; ionirange=2
#C GADDS scan
#U Vantec = 1
#N 25
#L chi  H  K  L  DegC  Epoch  sec  det  ctr3  Gm  Gx  Gy  Rcur  K0  K1  K2  LV0  LV1  LV2  T_sp  T_cs  T_cs2  LST1  mon  Gt
90 -0.00701726 0.00116049 2.32447 295 130137876.735 9 0 175559 4 1068 619 298.36847 4.87294e-09 -6e-16 0 0 0 0 100 324 0 -1 1924632 176855
78.75 -0.322854 -0.324146 2.27902 295 130137897.655 9 0 175560 3 1564 2018 298.17501 4.87294e-09 -6e-16 0 0 0 0 100 324 0 -1 1924837 174433
67.5 -0.626283 -0.636995 2.14598 295 130137918.543 9 0 175559 4 561 980 297.9885 4.87294e-09 -6e-16 0 0 0 0 100 324 0 -1 1926537 173530
56.25 -0.905645 -0.925365 1.93047 295 130137939.416 9 0 175559 4 795 1455 297.79683 4.87294e-09 -6e-16 0 0 0 0 100 324 0 -1 1926353 176623
45 -1.1502 -1.17817 1.64078 295 130137960.179 9 0 175560 3 847 2010 297.61314 4.87294e-09 -6e-16 0 0 0 0 100 324 0 -1 1926164 191057
#C results: scan_n xMAX MAX FWHM CWHM COM SUM 
#R 24 45 191057 0 0 67.1144 892498
#C Tue Mar 01 20:22:43 2022.  GADDS scan.

#S 25  ascan  chi 90 45  4 9
#D Tue Mar 01 20:22:43 2022
#T 9  (sec)
#G0 0 0 1 0 0 1 0 0 0 0 0 0 0 0 0 0 2 2 2 2 2 0 0
#G1 5.431 5.431 5.431 90 90 90 1.156911307 1.156911307 1.156911307 90 90 90 0 0 4 2 2 4 56.1575 27.93475 89.9 -180 0 0 70.41 35.20625 54.635 -181.035 0 0 1.278144 1.278144 0 0
#G3 -0.8060933922 -0.8298512745 -0.002019183743 0.8298463816 -0.8060957142 0.002907632189 -0.003492538811 0.0005775816754 1.156905891
#G4 -0.007017262208 0.001160485905 2.324472948 1.5406 19.10596955 19.3939695 0 38.5 34.77776122 0.175316796 90 89.89417068 0.175316796 -124.7777612 0 0 0 0 0 0 0 0 54.785 0 0 0 0 0 -180 -180 -180 -180 -180 -180 -180 -180 -180 0 0 0 0 0 0 0 0 0 0 0 0
#Q -0.00701726 0.00116049 2.32447
#P0 38.5 19.25 90 0 0 0 0 0
#P1 0 -0.2 0.2 -2.5 2.5 -0.15 0.15 -0.15
#P2 0.15 8 45657.992 0 0 1.44 8.99997 
#X 100C
#U T=295C ATT =0 um ; ionirange=2
#C GADDS scan
#U Vantec = 1
#N 25
#L chi  H  K  L  DegC  Epoch  sec  det  ctr3  Gm  Gx  Gy  Rcur  K0  K1  K2  LV0  LV1  LV2  T_sp  T_cs  T_cs2  LST1  mon  Gt
90 -0.00701726 0.00116049 2.32447 295 130137995.700 9 0 175560 4 899 428 297.29341 4.87294e-09 -6e-16 0 0 0 0 100 324 0 -1 1919110 178266
78.75 -0.322854 -0.324146 2.27902 295 130138016.401 9 0 175560 5 723 576 297.10129 4.87294e-09 -6e-16 0 0 0 0 100 324 0 -1 1919125 173289
67.5 -0.626283 -0.636995 2.14598 295 130138037.351 9 0 175560 4 324 1117 296.91091 4.87294e-09 -6e-16 0 0 0 0 100 324 0 -1 1918916 171142
56.25 -0.905645 -0.925365 1.93047 295 130138058.099 9 0 175560 3 639 2017 298.35613 4.87294e-09 -6e-16 0 0 0 0 100 324 0 -1 1928225 177324
45 -1.1502 -1.17817 1.64078 295 130138078.862 9 0 175560 4 1863 773 298.17252 4.87294e-09 -6e-16 0 0 0 0 100 324 0 -1 1928132 188665
#C results: scan_n xMAX MAX FWHM CWHM COM SUM 
#R 25 45 188665 0 0 67.1856 888686
#C Tue Mar 01 20:24:41 2022.  GADDS scan.

#S 26  ascan  chi 90 45  4 9
#D Tue Mar 01 20:24:41 2022
#T 9  (sec)
#G0 0 0 1 0 0 1 0 0 0 0 0 0 0 0 0 0 2 2 2 2 2 0 0
#G1 5.431 5.431 5.431 90 90 90 1.156911307 1.156911307 1.156911307 90 90 90 0 0 4 2 2 4 56.1575 27.93475 89.9 -180 0 0 70.41 35.20625 54.635 -181.035 0 0 1.278144 1.278144 0 0
#G3 -0.8060933922 -0.8298512745 -0.002019183743 0.8298463816 -0.8060957142 0.002907632189 -0.003492538811 0.0005775816754 1.156905891
#G4 -0.007017262208 0.001160485905 2.324472948 1.5406 19.10596955 19.3939695 0 38.5 34.77776122 0.175316796 90 89.89417068 0.175316796 -124.7777612 0 0 0 0 0 0 0 0 54.785 0 0 0 0 0 -180 -180 -180 -180 -180 -180 -180 -180 -180 0 0 0 0 0 0 0 0 0 0 0 0
#Q -0.00701726 0.00116049 2.32447
#P0 38.5 19.25 90 0 0 0 0 0
#P1 0 -0.2 0.2 -2.5 2.5 -0.15 0.15 -0.15
#P2 0.15 8 45657.992 0 0 1.44 8.99997 
#X 100C
#U T=295C ATT =0 um ; ionirange=2
#C GADDS scan
#U Vantec = 1
#N 25
#L chi  H  K  L  DegC  Epoch  sec  det  ctr3  Gm  Gx  Gy  Rcur  K0  K1  K2  LV0  LV1  LV2  T_sp  T_cs  T_cs2  LST1  mon  Gt
90 -0.00701726 0.00116049 2.32447 295 130138114.352 9 0 175567 4 668 734 297.84113 4.87294e-09 -6e-16 0 0 0 0 100 324 0 -1 1920970 175750
78.75 -0.322854 -0.324146 2.27902 295 130138135.287 9 0 175568 3 657 1938 297.65727 4.87294e-09 -6e-16 0 0 0 0 100 324 0 -1 1920890 173007
67.5 -0.626283 -0.636995 2.14598 295 130138156.191 9 0 175568 4 1798 307 297.46648 4.87294e-09 -6e-16 0 0 0 0 100 324 0 -1 1921248 171726
56.25 -0.905645 -0.925365 1.93047 295 130138177.095 9 0 175568 3 1480 1944 297.28357 4.87294e-09 -6e-16 0 0 0 0 100 324 0 -1 1921319 174902
45 -1.1502 -1.17817 1.64078 295 130138197.811 9 0 175560 3 1659 1895 297.08912 4.87294e-09 -6e-16 0 0 0 0 100 324 0 -1 1921035 186407
#C results: scan_n xMAX MAX FWHM CWHM COM SUM 
#R 26 45 186407 0 0 67.2039 881792
#C Tue Mar 01 20:26:40 2022.  GADDS scan.

#S 27  ascan  chi 90 45  4 9
#D Tue Mar 01 20:26:40 2022
#T 9  (sec)
#G0 0 0 1 0 0 1 0 0 0 0 0 0 0 0 0 0 2 2 2 2 2 0 0
#G1 5.431 5.431 5.431 90 90 90 1.156911307 1.156911307 1.156911307 90 90 90 0 0 4 2 2 4 56.1575 27.93475 89.9 -180 0 0 70.41 35.20625 54.635 -181.035 0 0 1.278144 1.278144 0 0
#G3 -0.8060933922 -0.8298512745 -0.002019183743 0.8298463816 -0.8060957142 0.002907632189 -0.003492538811 0.0005775816754 1.156905891
#G4 -0.007017262208 0.001160485905 2.324472948 1.5406 19.10596955 19.3939695 0 38.5 34.77776122 0.175316796 90 89.89417068 0.175316796 -124.7777612 0 0 0 0 0 0 0 0 54.785 0 0 0 0 0 -180 -180 -180 -180 -180 -180 -180 -180 -180 0 0 0 0 0 0 0 0 0 0 0 0
#Q -0.00701726 0.00116049 2.32447
#P0 38.5 19.25 90 0 0 0 0 0
#P1 0 -0.2 0.2 -2.5 2.5 -0.15 0.15 -0.15
#P2 0.15 8 45657.992 0 0 1.44 8.99997 
#X 100C
#U T=295C ATT =0 um ; ionirange=2
#C GADDS scan
#U Vantec = 1
#N 25
#L chi  H  K  L  DegC  Epoch  sec  det  ctr3  Gm  Gx  Gy  Rcur  K0  K1  K2  LV0  LV1  LV2  T_sp  T_cs  T_cs2  LST1  mon  Gt
90 -0.00701726 0.00116049 2.32447 295 130138232.943 9 0 175561 4 1060 1857 297.10783 4.87294e-09 -6e-16 0 0 0 0 100 324 0 -1 1915714 175332
78.75 -0.322854 -0.324146 2.27902 295 130138253.643 9 0 175561 3 866 2039 298.40127 4.87294e-09 -6e-16 0 0 0 0 100 324 0 -1 1921117 173641
67.5 -0.626283 -0.636995 2.14598 295 130138274.563 9 0 175560 3 952 1892 298.20653 4.87294e-09 -6e-16 0 0 0 0 100 324 0 -1 1924639 169178
56.25 -0.905645 -0.925365 1.93047 295 130138295.326 9 0 175561 3 1087 2016 298.02215 4.87294e-09 -6e-16 0 0 0 0 100 324 0 -1 1924922 173497
45 -1.1502 -1.17817 1.64078 295 130138316.245 9 0 175561 4 974 1912 297.83124 4.87294e-09 -6e-16 0 0 0 0 100 324 0 -1 1924370 187937
#C results: scan_n xMAX MAX FWHM CWHM COM SUM 
#R 27 45 187937 0 0 67.1794 879585
#C Tue Mar 01 20:28:38 2022.  GADDS scan.

#S 28  ascan  chi 90 45  4 9
#D Tue Mar 01 20:28:38 2022
#T 9  (sec)
#G0 0 0 1 0 0 1 0 0 0 0 0 0 0 0 0 0 2 2 2 2 2 0 0
#G1 5.431 5.431 5.431 90 90 90 1.156911307 1.156911307 1.156911307 90 90 90 0 0 4 2 2 4 56.1575 27.93475 89.9 -180 0 0 70.41 35.20625 54.635 -181.035 0 0 1.278144 1.278144 0 0
#G3 -0.8060933922 -0.8298512745 -0.002019183743 0.8298463816 -0.8060957142 0.002907632189 -0.003492538811 0.0005775816754 1.156905891
#G4 -0.007017262208 0.001160485905 2.324472948 1.5406 19.10596955 19.3939695 0 38.5 34.77776122 0.175316796 90 89.89417068 0.175316796 -124.7777612 0 0 0 0 0 0 0 0 54.785 0 0 0 0 0 -180 -180 -180 -180 -180 -180 -180 -180 -180 0 0 0 0 0 0 0 0 0 0 0 0
#Q -0.00701726 0.00116049 2.32447
#P0 38.5 19.25 90 0 0 0 0 0
#P1 0 -0.2 0.2 -2.5 2.5 -0.15 0.15 -0.15
#P2 0.15 8 45657.992 0 0 1.44 8.99997 
#X 100C
#U T=295C ATT =0 um ; ionirange=2
#C GADDS scan
#U Vantec = 1
#N 25
#L chi  H  K  L  DegC  Epoch  sec  det  ctr3  Gm  Gx  Gy  Rcur  K0  K1  K2  LV0  LV1  LV2  T_sp  T_cs  T_cs2  LST1  mon  Gt
90 -0.00701726 0.00116049 2.32447 295 130138351.345 9 0 175561 3 1235 2003 297.52333 4.87294e-09 -6e-16 0 0 0 0 100 324 0 -1 1918414 176202
78.75 -0.322854 -0.324146 2.27902 295 130138372.296 9 0 175560 3 962 1791 297.33359 4.87294e-09 -6e-16 0 0 0 0 100 324 0 -1 1918865 172666
67.5 -0.626283 -0.636995 2.14598 295 130138393.013 9 0 175561 3 483 1791 297.15218 4.87294e-09 -6e-16 0 0 0 0 100 324 0 -1 1919190 169148
56.25 -0.905645 -0.925365 1.93047 295 130138413.714 9 0 175560 3 862 1987 296.96433 4.87294e-09 -6e-16 0 0 0 0 100 324 0 -1 1919516 174802
45 -1.1502 -1.17817 1.64078 295 130138434.633 9 0 175561 3 648 1943 298.1607 4.87294e-09 -6e-16 0 0 0 0 100 324 0 -1 1928020 187448
#C results: scan_n xMAX MAX FWHM CWHM COM SUM 
#R 28 45 187448 0 0 67.1852 880266
#C Tue Mar 01 20:30:37 2022.  GADDS scan.

#S 29  ascan  chi 90 45  4 9
#D Tue Mar 01 20:30:37 2022
#T 9  (sec)
#G0 0 0 1 0 0 1 0 0 0 0 0 0 0 0 0 0 2 2 2 2 2 0 0
#G1 5.431 5.431 5.431 90 90 90 1.156911307 1.156911307 1.156911307 90 90 90 0 0 4 2 2 4 56.1575 27.93475 89.9 -180 0 0 70.41 35.20625 54.635 -181.035 0 0 1.278144 1.278144 0 0
#G3 -0.8060933922 -0.8298512745 -0.002019183743 0.8298463816 -0.8060957142 0.002907632189 -0.003492538811 0.0005775816754 1.156905891
#G4 -0.007017262208 0.001160485905 2.324472948 1.5406 19.10596955 19.3939695 0 38.5 34.77776122 0.175316796 90 89.89417068 0.175316796 -124.7777612 0 0 0 0 0 0 0 0 54.785 0 0 0 0 0 -180 -180 -180 -180 -180 -180 -180 -180 -180 0 0 0 0 0 0 0 0 0 0 0 0
#Q -0.00701726 0.00116049 2.32447
#P0 38.5 19.25 90 0 0 0 0 0
#P1 0 -0.2 0.2 -2.5 2.5 -0.15 0.15 -0.15
#P2 0.15 8 45657.992 0 0 1.44 8.99997 
#X 100C
#U T=295C ATT =0 um ; ionirange=2
#C GADDS scan
#U Vantec = 1
#N 25
#L chi  H  K  L  DegC  Epoch  sec  det  ctr3  Gm  Gx  Gy  Rcur  K0  K1  K2  LV0  LV1  LV2  T_sp  T_cs  T_cs2  LST1  mon  Gt
90 -0.00701726 0.00116049 2.32447 295 130138470.153 9 0 175564 3 1086 1923 297.84353 4.87294e-09 -6e-16 0 0 0 0 100 324 0 -1 1922370 177045
78.75 -0.322854 -0.324146 2.27902 295 130138491.104 9 0 175567 4 1217 1845 297.6512 4.87294e-09 -6e-16 0 0 0 0 100 324 0 -1 1923598 172891
67.5 -0.626283 -0.636995 2.14598 295 130138511.837 9 0 175566 4 1109 1650 297.45931 4.87294e-09 -6e-16 0 0 0 0 100 324 0 -1 1923235 170612
56.25 -0.905645 -0.925365 1.93047 295 130138532.725 9 0 175566 3 878 1973 297.2796 4.87294e-09 -6e-16 0 0 0 0 100 324 0 -1 1923461 174595
45 -1.1502 -1.17817 1.64078 295 130138553.426 9 0 175561 4 1034 400 297.08958 4.87294e-09 -6e-16 0 0 0 0 100 324 0 -1 1924310 186580
#C results: scan_n xMAX MAX FWHM CWHM COM SUM 
#R 29 45 186580 0 0 67.2349 881723
#C Tue Mar 01 20:32:36 2022.  GADDS scan.

#S 30  ascan  chi 90 45  4 9
#D Tue Mar 01 20:32:36 2022
#T 9  (sec)
#G0 0 0 1 0 0 1 0 0 0 0 0 0 0 0 0 0 2 2 2 2 2 0 0
#G1 5.431 5.431 5.431 90 90 90 1.156911307 1.156911307 1.156911307 90 90 90 0 0 4 2 2 4 56.1575 27.93475 89.9 -180 0 0 70.41 35.20625 54.635 -181.035 0 0 1.278144 1.278144 0 0
#G3 -0.8060933922 -0.8298512745 -0.002019183743 0.8298463816 -0.8060957142 0.002907632189 -0.003492538811 0.0005775816754 1.156905891
#G4 -0.007017262208 0.001160485905 2.324472948 1.5406 19.10596955 19.3939695 0 38.5 34.77776122 0.175316796 90 89.89417068 0.175316796 -124.7777612 0 0 0 0 0 0 0 0 54.785 0 0 0 0 0 -180 -180 -180 -180 -180 -180 -180 -180 -180 0 0 0 0 0 0 0 0 0 0 0 0
#Q -0.00701726 0.00116049 2.32447
#P0 38.5 19.25 90 0 0 0 0 0
#P1 0 -0.2 0.2 -2.5 2.5 -0.15 0.15 -0.15
#P2 0.15 8 45657.992 0 0 1.44 8.99997 
#X 100C
#U T=295C ATT =0 um ; ionirange=2
#C GADDS scan
#U Vantec = 1
#N 25
#L chi  H  K  L  DegC  Epoch  sec  det  ctr3  Gm  Gx  Gy  Rcur  K0  K1  K2  LV0  LV1  LV2  T_sp  T_cs  T_cs2  LST1  mon  Gt
90 -0.00701726 0.00116049 2.32447 295 130138588.916 9 0 175560 3 878 1861 297.10249 4.87294e-09 -6e-16 0 0 0 0 100 324 0 -1 1921143 175500
78.75 -0.322854 -0.324146 2.27902 295 130138609.788 9 0 175561 4 1017 1459 297.04642 4.87294e-09 -6e-16 0 0 0 0 100 324 0 -1 1921919 171596
67.5 -0.626283 -0.636995 2.14598 295 130138630.489 9 0 175560 3 790 2031 297.04822 4.87294e-09 -6e-16 0 0 0 0 100 324 0 -1 1923515 170713
56.25 -0.905645 -0.925365 1.93047 295 130138651.409 9 0 175560 3 438 1877 297.20428 4.87294e-09 -6e-16 0 0 0 0 100 324 0 -1 1925170 174559
45 -1.1502 -1.17817 1.64078 295 130138672.141 9 0 175560 4 1261 602 297.01227 4.87294e-09 -6e-16 0 0 0 0 100 324 0 -1 1927047 188508
#C results: scan_n xMAX MAX FWHM CWHM COM SUM 
#R 30 45 188508 0 0 67.1299 880876
#C Tue Mar 01 20:34:35 2022.  GADDS scan.

#S 31  ascan  chi 90 45  4 9
#D Tue Mar 01 20:34:35 2022
#T 9  (sec)
#G0 0 0 1 0 0 1 0 0 0 0 0 0 0 0 0 0 2 2 2 2 2 0 0
#G1 5.431 5.431 5.431 90 90 90 1.156911307 1.156911307 1.156911307 90 90 90 0 0 4 2 2 4 56.1575 27.93475 89.9 -180 0 0 70.41 35.20625 54.635 -181.035 0 0 1.278144 1.278144 0 0
#G3 -0.8060933922 -0.8298512745 -0.002019183743 0.8298463816 -0.8060957142 0.002907632189 -0.003492538811 0.0005775816754 1.156905891
#G4 -0.007017262208 0.001160485905 2.324472948 1.5406 19.10596955 19.3939695 0 38.5 34.77776122 0.175316796 90 89.89417068 0.175316796 -124.7777612 0 0 0 0 0 0 0 0 54.785 0 0 0 0 0 -180 -180 -180 -180 -180 -180 -180 -180 -180 0 0 0 0 0 0 0 0 0 0 0 0
#Q -0.00701726 0.00116049 2.32447
#P0 38.5 19.25 90 0 0 0 0 0
#P1 0 -0.2 0.2 -2.5 2.5 -0.15 0.15 -0.15
#P2 0.15 8 45657.992 0 0 1.44 8.99997 
#X 100C
#U T=295C ATT =0 um ; ionirange=2
#C GADDS scan
#U Vantec = 1
#N 25
#L chi  H  K  L  DegC  Epoch  sec  det  ctr3  Gm  Gx  Gy  Rcur  K0  K1  K2  LV0  LV1  LV2  T_sp  T_cs  T_cs2  LST1  mon  Gt
90 -0.00701726 0.00116049 2.32447 295 130138707.615 9 0 175560 4 826 1729 298.18957 4.87294e-09 -6e-16 0 0 0 0 100 324 0 -1 1929540 177310
78.75 -0.322854 -0.324146 2.27902 295 130138728.550 9 0 175561 4 599 633 298.00442 4.87294e-09 -6e-16 0 0 0 0 100 324 0 -1 1930238 173494
67.5 -0.626283 -0.636995 2.14598 295 130138749.501 9 0 175560 4 526 400 297.8118 4.87294e-09 -6e-16 0 0 0 0 100 324 0 -1 1930995 170442
56.25 -0.905645 -0.925365 1.93047 295 130138770.202 9 0 175560 4 1680 1093 297.62047 4.87294e-09 -6e-16 0 0 0 0 100 324 0 -1 1931379 174605
45 -1.1502 -1.17817 1.64078 295 130138791.136 9 0 175560 3 1142 2000 297.43817 4.87294e-09 -6e-16 0 0 0 0 100 324 0 -1 1931983 188216
#C results: scan_n xMAX MAX FWHM CWHM COM SUM 
#R 31 45 188216 0 0 67.2083 884067
#C Tue Mar 01 20:36:34 2022.  GADDS scan.

#S 32  ascan  chi 90 45  4 9
#D Tue Mar 01 20:36:34 2022
#T 9  (sec)
#G0 0 0 1 0 0 1 0 0 0 0 0 0 0 0 0 0 2 2 2 2 2 0 0
#G1 5.431 5.431 5.431 90 90 90 1.156911307 1.156911307 1.156911307 90 90 90 0 0 4 2 2 4 56.1575 27.93475 89.9 -180 0 0 70.41 35.20625 54.635 -181.035 0 0 1.278144 1.278144 0 0
#G3 -0.8060933922 -0.8298512745 -0.002019183743 0.8298463816 -0.8060957142 0.002907632189 -0.003492538811 0.0005775816754 1.156905891
#G4 -0.007017262208 0.001160485905 2.324472948 1.5406 19.10596955 19.3939695 0 38.5 34.77776122 0.175316796 90 89.89417068 0.175316796 -124.7777612 0 0 0 0 0 0 0 0 54.785 0 0 0 0 0 -180 -180 -180 -180 -180 -180 -180 -180 -180 0 0 0 0 0 0 0 0 0 0 0 0
#Q -0.00701726 0.00116049 2.32447
#P0 38.5 19.25 90 0 0 0 0 0
#P1 0 -0.2 0.2 -2.5 2.5 -0.15 0.15 -0.15
#P2 0.15 8 45657.992 0 0 1.44 8.99997 
#X 100C
#U T=295C ATT =0 um ; ionirange=2
#C GADDS scan
#U Vantec = 1
#N 25
#L chi  H  K  L  DegC  Epoch  sec  det  ctr3  Gm  Gx  Gy  Rcur  K0  K1  K2  LV0  LV1  LV2  T_sp  T_cs  T_cs2  LST1  mon  Gt
90 -0.00701726 0.00116049 2.32447 295 130138826.642 9 0 175561 3 637 1896 297.11842 4.87294e-09 -6e-16 0 0 0 0 100 324 0 -1 1926392 178420
78.75 -0.322854 -0.324146 2.27902 295 130138847.577 9 0 175567 4 987 1837 296.93037 4.87294e-09 -6e-16 0 0 0 0 100 324 0 -1 1926011 171893
67.5 -0.626283 -0.636995 2.14598 295 130138868.496 9 0 175568 3 1335 1999 298.38241 4.87294e-09 -6e-16 0 0 0 0 100 324 0 -1 1935630 172852
56.25 -0.905645 -0.925365 1.93047 295 130138889.447 9 0 175568 3 1791 1975 298.18796 4.87294e-09 -6e-16 0 0 0 0 100 324 0 -1 1935648 175438
45 -1.1502 -1.17817 1.64078 295 130138910.210 9 0 175564 4 1002 1365 297.99877 4.87294e-09 -6e-16 0 0 0 0 100 324 0 -1 1935213 186804
#C results: scan_n xMAX MAX FWHM CWHM COM SUM 
#R 32 45 186804 0 0 67.2419 885407
#C Tue Mar 01 20:38:33 2022.  GADDS scan.

#S 33  ascan  chi 90 45  4 9
#D Tue Mar 01 20:38:33 2022
#T 9  (sec)
#G0 0 0 1 0 0 1 0 0 0 0 0 0 0 0 0 0 2 2 2 2 2 0 0
#G1 5.431 5.431 5.431 90 90 90 1.156911307 1.156911307 1.156911307 90 90 90 0 0 4 2 2 4 56.1575 27.93475 89.9 -180 0 0 70.41 35.20625 54.635 -181.035 0 0 1.278144 1.278144 0 0
#G3 -0.8060933922 -0.8298512745 -0.002019183743 0.8298463816 -0.8060957142 0.002907632189 -0.003492538811 0.0005775816754 1.156905891
#G4 -0.007017262208 0.001160485905 2.324472948 1.5406 19.10596955 19.3939695 0 38.5 34.77776122 0.175316796 90 89.89417068 0.175316796 -124.7777612 0 0 0 0 0 0 0 0 54.785 0 0 0 0 0 -180 -180 -180 -180 -180 -180 -180 -180 -180 0 0 0 0 0 0 0 0 0 0 0 0
#Q -0.00701726 0.00116049 2.32447
#P0 38.5 19.25 90 0 0 0 0 0
#P1 0 -0.2 0.2 -2.5 2.5 -0.15 0.15 -0.15
#P2 0.15 8 45657.992 0 0 1.44 8.99997 
#X 100C
#U T=295C ATT =0 um ; ionirange=2
#C GADDS scan
#U Vantec = 1
#N 25
#L chi  H  K  L  DegC  Epoch  sec  det  ctr3  Gm  Gx  Gy  Rcur  K0  K1  K2  LV0  LV1  LV2  T_sp  T_cs  T_cs2  LST1  mon  Gt
90 -0.00701726 0.00116049 2.32447 295 130138945.716 9 0 175560 4 489 842 297.67901 4.87294e-09 -6e-16 0 0 0 0 100 324 0 -1 1928683 176762
78.75 -0.322854 -0.324146 2.27902 295 130138966.464 9 0 175561 3 1762 1983 297.49816 4.87294e-09 -6e-16 0 0 0 0 100 324 0 -1 1928422 170047
67.5 -0.626283 -0.636995 2.14598 295 130138987.383 9 0 175560 4 706 1241 297.3095 4.87294e-09 -6e-16 0 0 0 0 100 324 0 -1 1928638 170234
56.25 -0.905645 -0.925365 1.93047 295 130139008.240 9 0 175560 3 609 1841 297.12907 4.87294e-09 -6e-16 0 0 0 0 100 324 0 -1 1928551 172054
45 -1.1502 -1.17817 1.64078 295 130139029.143 9 0 175560 4 474 1100 296.93691 4.87294e-09 -6e-16 0 0 0 0 100 324 0 -1 1928852 185738
#C results: scan_n xMAX MAX FWHM CWHM COM SUM 
#R 33 45 185738 0 0 67.2433 874835
#C Tue Mar 01 20:40:32 2022.  GADDS scan.

#S 34  ascan  chi 90 45  4 9
#D Tue Mar 01 20:40:32 2022
#T 9  (sec)
#G0 0 0 1 0 0 1 0 0 0 0 0 0 0 0 0 0 2 2 2 2 2 0 0
#G1 5.431 5.431 5.431 90 90 90 1.156911307 1.156911307 1.156911307 90 90 90 0 0 4 2 2 4 56.1575 27.93475 89.9 -180 0 0 70.41 35.20625 54.635 -181.035 0 0 1.278144 1.278144 0 0
#G3 -0.8060933922 -0.8298512745 -0.002019183743 0.8298463816 -0.8060957142 0.002907632189 -0.003492538811 0.0005775816754 1.156905891
#G4 -0.007017262208 0.001160485905 2.324472948 1.5406 19.10596955 19.3939695 0 38.5 34.77776122 0.175316796 90 89.89417068 0.175316796 -124.7777612 0 0 0 0 0 0 0 0 54.785 0 0 0 0 0 -180 -180 -180 -180 -180 -180 -180 -180 -180 0 0 0 0 0 0 0 0 0 0 0 0
#Q -0.00701726 0.00116049 2.32447
#P0 38.5 19.25 90 0 0 0 0 0
#P1 0 -0.2 0.2 -2.5 2.5 -0.15 0.15 -0.15
#P2 0.15 8 45657.992 0 0 1.44 8.99997 
#X 100C
#U T=295C ATT =0 um ; ionirange=2
#C GADDS scan
#U Vantec = 1
#N 25
#L chi  H  K  L  DegC  Epoch  sec  det  ctr3  Gm  Gx  Gy  Rcur  K0  K1  K2  LV0  LV1  LV2  T_sp  T_cs  T_cs2  LST1  mon  Gt
90 -0.00701726 0.00116049 2.32447 295 130139064.634 9 0 175560 4 946 783 296.982 4.87294e-09 -6e-16 0 0 0 0 100 324 0 -1 1924317 176476
78.75 -0.322854 -0.324146 2.27902 295 130139085.522 9 0 175561 4 679 574 297.13442 4.87294e-09 -6e-16 0 0 0 0 100 324 0 -1 1925990 171466
67.5 -0.626283 -0.636995 2.14598 295 130139106.410 9 0 175560 3 1212 1883 296.94128 4.87294e-09 -6e-16 0 0 0 0 100 324 0 -1 1926034 169943
56.25 -0.905645 -0.925365 1.93047 295 130139127.282 9 0 175559 4 427 1728 298.38356 4.87294e-09 -6e-16 0 0 0 0 100 324 0 -1 1934967 173442
45 -1.1502 -1.17817 1.64078 295 130139148.045 9 0 175560 4 489 1687 298.20001 4.87294e-09 -6e-16 0 0 0 0 100 324 0 -1 1934151 187019
#C results: scan_n xMAX MAX FWHM CWHM COM SUM 
#R 34 45 187019 0 0 67.2046 878346
#C Tue Mar 01 20:42:31 2022.  GADDS scan.

#S 35  ascan  chi 90 45  4 9
#D Tue Mar 01 20:42:31 2022
#T 9  (sec)
#G0 0 0 1 0 0 1 0 0 0 0 0 0 0 0 0 0 2 2 2 2 2 0 0
#G1 5.431 5.431 5.431 90 90 90 1.156911307 1.156911307 1.156911307 90 90 90 0 0 4 2 2 4 56.1575 27.93475 89.9 -180 0 0 70.41 35.20625 54.635 -181.035 0 0 1.278144 1.278144 0 0
#G3 -0.8060933922 -0.8298512745 -0.002019183743 0.8298463816 -0.8060957142 0.002907632189 -0.003492538811 0.0005775816754 1.156905891
#G4 -0.007017262208 0.001160485905 2.324472948 1.5406 19.10596955 19.3939695 0 38.5 34.77776122 0.175316796 90 89.89417068 0.175316796 -124.7777612 0 0 0 0 0 0 0 0 54.785 0 0 0 0 0 -180 -180 -180 -180 -180 -180 -180 -180 -180 0 0 0 0 0 0 0 0 0 0 0 0
#Q -0.00701726 0.00116049 2.32447
#P0 38.5 19.25 90 0 0 0 0 0
#P1 0 -0.2 0.2 -2.5 2.5 -0.15 0.15 -0.15
#P2 0.15 8 45657.992 0 0 1.44 8.99997 
#X 100C
#U T=295C ATT =0 um ; ionirange=2
#C GADDS scan
#U Vantec = 1
#N 25
#L chi  H  K  L  DegC  Epoch  sec  det  ctr3  Gm  Gx  Gy  Rcur  K0  K1  K2  LV0  LV1  LV2  T_sp  T_cs  T_cs2  LST1  mon  Gt
90 -0.00701726 0.00116049 2.32447 295 130139183.520 9 0 175559 4 740 1232 297.87704 4.87294e-09 -6e-16 0 0 0 0 100 324 0 -1 1926603 175883
78.75 -0.322854 -0.324146 2.27902 295 130139204.252 9 0 175567 4 1170 522 297.68816 4.87294e-09 -6e-16 0 0 0 0 100 324 0 -1 1922708 171931
67.5 -0.626283 -0.636995 2.14598 295 130139225.171 9 0 175566 4 1066 1284 297.50498 4.87294e-09 -6e-16 0 0 0 0 100 324 0 -1 1924616 168772
56.25 -0.905645 -0.925365 1.93047 295 130139245.873 9 0 175567 4 694 1568 297.31347 4.87294e-09 -6e-16 0 0 0 0 100 324 0 -1 1926945 174574
45 -1.1502 -1.17817 1.64078 295 130139266.792 9 0 175566 4 1439 582 297.13066 4.87294e-09 -6e-16 0 0 0 0 100 324 0 -1 1926801 186501
#C results: scan_n xMAX MAX FWHM CWHM COM SUM 
#R 35 45 186501 0 0 67.1939 877661
#C Tue Mar 01 20:44:29 2022.  GADDS scan.

#S 36  ascan  chi 90 45  4 9
#D Tue Mar 01 20:44:29 2022
#T 9  (sec)
#G0 0 0 1 0 0 1 0 0 0 0 0 0 0 0 0 0 2 2 2 2 2 0 0
#G1 5.431 5.431 5.431 90 90 90 1.156911307 1.156911307 1.156911307 90 90 90 0 0 4 2 2 4 56.1575 27.93475 89.9 -180 0 0 70.41 35.20625 54.635 -181.035 0 0 1.278144 1.278144 0 0
#G3 -0.8060933922 -0.8298512745 -0.002019183743 0.8298463816 -0.8060957142 0.002907632189 -0.003492538811 0.0005775816754 1.156905891
#G4 -0.007017262208 0.001160485905 2.324472948 1.5406 19.10596955 19.3939695 0 38.5 34.77776122 0.175316796 90 89.89417068 0.175316796 -124.7777612 0 0 0 0 0 0 0 0 54.785 0 0 0 0 0 -180 -180 -180 -180 -180 -180 -180 -180 -180 0 0 0 0 0 0 0 0 0 0 0 0
#Q -0.00701726 0.00116049 2.32447
#P0 38.5 19.25 90 0 0 0 0 0
#P1 0 -0.2 0.2 -2.5 2.5 -0.15 0.15 -0.15
#P2 0.15 8 45657.992 0 0 1.44 8.99997 
#X 100C
#U T=295C ATT =0 um ; ionirange=2
#C GADDS scan
#U Vantec = 1
#N 25
#L chi  H  K  L  DegC  Epoch  sec  det  ctr3  Gm  Gx  Gy  Rcur  K0  K1  K2  LV0  LV1  LV2  T_sp  T_cs  T_cs2  LST1  mon  Gt
90 -0.00701726 0.00116049 2.32447 295 130139302.297 9 0 175560 3 668 1830 298.38309 4.87294e-09 -6e-16 0 0 0 0 100 324 0 -1 1925540 177335
78.75 -0.322854 -0.324146 2.27902 295 130139323.186 9 0 175559 3 1395 1972 298.18849 4.87294e-09 -6e-16 0 0 0 0 100 324 0 -1 1927254 171819
67.5 -0.626283 -0.636995 2.14598 295 130139344.058 9 0 175560 3 962 1936 297.99583 4.87294e-09 -6e-16 0 0 0 0 100 324 0 -1 1927248 169161
56.25 -0.905645 -0.925365 1.93047 295 130139364.822 9 0 175559 3 1427 2031 297.81634 4.87294e-09 -6e-16 0 0 0 0 100 324 0 -1 1927167 172035
45 -1.1502 -1.17817 1.64078 295 130139385.585 9 0 175558 4 549 1439 297.62416 4.87294e-09 -6e-16 0 0 0 0 100 324 0 -1 1927042 186509
#C results: scan_n xMAX MAX FWHM CWHM COM SUM 
#R 36 45 186509 0 0 67.2618 876859
#C Tue Mar 01 20:46:28 2022.  GADDS scan.

#S 37  ascan  chi 90 45  4 9
#D Tue Mar 01 20:46:28 2022
#T 9  (sec)
#G0 0 0 1 0 0 1 0 0 0 0 0 0 0 0 0 0 2 2 2 2 2 0 0
#G1 5.431 5.431 5.431 90 90 90 1.156911307 1.156911307 1.156911307 90 90 90 0 0 4 2 2 4 56.1575 27.93475 89.9 -180 0 0 70.41 35.20625 54.635 -181.035 0 0 1.278144 1.278144 0 0
#G3 -0.8060933922 -0.8298512745 -0.002019183743 0.8298463816 -0.8060957142 0.002907632189 -0.003492538811 0.0005775816754 1.156905891
#G4 -0.007017262208 0.001160485905 2.324472948 1.5406 19.10596955 19.3939695 0 38.5 34.77776122 0.175316796 90 89.89417068 0.175316796 -124.7777612 0 0 0 0 0 0 0 0 54.785 0 0 0 0 0 -180 -180 -180 -180 -180 -180 -180 -180 -180 0 0 0 0 0 0 0 0 0 0 0 0
#Q -0.00701726 0.00116049 2.32447
#P0 38.5 19.25 90 0 0 0 0 0
#P1 0 -0.2 0.2 -2.5 2.5 -0.15 0.15 -0.15
#P2 0.15 8 45657.992 0 0 1.44 8.99997 
#X 100C
#U T=295C ATT =0 um ; ionirange=2
#C GADDS scan
#U Vantec = 1
#N 25
#L chi  H  K  L  DegC  Epoch  sec  det  ctr3  Gm  Gx  Gy  Rcur  K0  K1  K2  LV0  LV1  LV2  T_sp  T_cs  T_cs2  LST1  mon  Gt
90 -0.00701726 0.00116049 2.32447 295 130139421.106 9 0 175560 4 1009 1864 297.30196 4.87294e-09 -6e-16 0 0 0 0 100 324 0 -1 1920347 175434
78.75 -0.322854 -0.324146 2.27902 295 130139441.791 9 0 175559 3 626 1776 297.12157 4.87294e-09 -6e-16 0 0 0 0 100 324 0 -1 1920195 172753
67.5 -0.626283 -0.636995 2.14598 295 130139462.742 9 0 175559 3 1495 2038 296.92894 4.87294e-09 -6e-16 0 0 0 0 100 324 0 -1 1920326 166807
56.25 -0.905645 -0.925365 1.93047 295 130139483.505 9 0 175560 4 852 1403 297.08216 4.87294e-09 -6e-16 0 0 0 0 100 324 0 -1 1922035 173969
45 -1.1502 -1.17817 1.64078 295 130139504.268 9 0 175559 4 1039 776 297.20992 4.87294e-09 -6e-16 0 0 0 0 100 324 0 -1 1922781 185767
#C results: scan_n xMAX MAX FWHM CWHM COM SUM 
#R 37 45 185767 0 0 67.2186 874730
#C Tue Mar 01 20:48:27 2022.  GADDS scan.

#S 38  ascan  chi 90 45  4 9
#D Tue Mar 01 20:48:27 2022
#T 9  (sec)
#G0 0 0 1 0 0 1 0 0 0 0 0 0 0 0 0 0 2 2 2 2 2 0 0
#G1 5.431 5.431 5.431 90 90 90 1.156911307 1.156911307 1.156911307 90 90 90 0 0 4 2 2 4 56.1575 27.93475 89.9 -180 0 0 70.41 35.20625 54.635 -181.035 0 0 1.278144 1.278144 0 0
#G3 -0.8060933922 -0.8298512745 -0.002019183743 0.8298463816 -0.8060957142 0.002907632189 -0.003492538811 0.0005775816754 1.156905891
#G4 -0.007017262208 0.001160485905 2.324472948 1.5406 19.10596955 19.3939695 0 38.5 34.77776122 0.175316796 90 89.89417068 0.175316796 -124.7777612 0 0 0 0 0 0 0 0 54.785 0 0 0 0 0 -180 -180 -180 -180 -180 -180 -180 -180 -180 0 0 0 0 0 0 0 0 0 0 0 0
#Q -0.00701726 0.00116049 2.32447
#P0 38.5 19.25 90 0 0 0 0 0
#P1 0 -0.2 0.2 -2.5 2.5 -0.15 0.15 -0.15
#P2 0.15 8 45657.992 0 0 1.44 8.99997 
#X 100C
#U T=295C ATT =0 um ; ionirange=2
#C GADDS scan
#U Vantec = 1
#N 25
#L chi  H  K  L  DegC  Epoch  sec  det  ctr3  Gm  Gx  Gy  Rcur  K0  K1  K2  LV0  LV1  LV2  T_sp  T_cs  T_cs2  LST1  mon  Gt
90 -0.00701726 0.00116049 2.32447 295 130139540.195 9 0 175560 3 1172 1896 297.21747 4.87294e-09 -6e-16 0 0 0 0 100 324 0 -1 1916857 175196
78.75 -0.322854 -0.324146 2.27902 295 130139561.099 9 0 175567 4 288 1451 297.02689 4.87294e-09 -6e-16 0 0 0 0 100 324 0 -1 1917965 169811
67.5 -0.626283 -0.636995 2.14598 295 130139581.831 9 0 175567 3 816 1846 298.38267 4.87294e-09 -6e-16 0 0 0 0 100 324 0 -1 1926849 170253
56.25 -0.905645 -0.925365 1.93047 295 130139602.719 9 0 175567 4 1400 1714 298.1897 4.87294e-09 -6e-16 0 0 0 0 100 324 0 -1 1926618 174034
45 -1.1502 -1.17817 1.64078 295 130139623.607 9 0 175567 4 1244 612 298.00157 4.87294e-09 -6e-16 0 0 0 0 100 324 0 -1 1926178 188218
#C results: scan_n xMAX MAX FWHM CWHM COM SUM 
#R 38 45 188218 0 0 67.112 877512
#C Tue Mar 01 20:50:26 2022.  GADDS scan.

#S 39  ascan  chi 90 45  4 9
#D Tue Mar 01 20:50:26 2022
#T 9  (sec)
#G0 0 0 1 0 0 1 0 0 0 0 0 0 0 0 0 0 2 2 2 2 2 0 0
#G1 5.431 5.431 5.431 90 90 90 1.156911307 1.156911307 1.156911307 90 90 90 0 0 4 2 2 4 56.1575 27.93475 89.9 -180 0 0 70.41 35.20625 54.635 -181.035 0 0 1.278144 1.278144 0 0
#G3 -0.8060933922 -0.8298512745 -0.002019183743 0.8298463816 -0.8060957142 0.002907632189 -0.003492538811 0.0005775816754 1.156905891
#G4 -0.007017262208 0.001160485905 2.324472948 1.5406 19.10596955 19.3939695 0 38.5 34.77776122 0.175316796 90 89.89417068 0.175316796 -124.7777612 0 0 0 0 0 0 0 0 54.785 0 0 0 0 0 -180 -180 -180 -180 -180 -180 -180 -180 -180 0 0 0 0 0 0 0 0 0 0 0 0
#Q -0.00701726 0.00116049 2.32447
#P0 38.5 19.25 90 0 0 0 0 0
#P1 0 -0.2 0.2 -2.5 2.5 -0.15 0.15 -0.15
#P2 0.15 8 45657.992 0 0 1.44 8.99997 
#X 100C
#U T=295C ATT =0 um ; ionirange=2
#C GADDS scan
#U Vantec = 1
#N 25
#L chi  H  K  L  DegC  Epoch  sec  det  ctr3  Gm  Gx  Gy  Rcur  K0  K1  K2  LV0  LV1  LV2  T_sp  T_cs  T_cs2  LST1  mon  Gt
90 -0.00701726 0.00116049 2.32447 295 130139659.144 9 0 175560 4 1267 545 297.68321 4.87294e-09 -6e-16 0 0 0 0 100 324 0 -1 1919934 174903
78.75 -0.322854 -0.324146 2.27902 295 130139679.907 9 0 175560 3 1015 1978 297.48638 4.87294e-09 -6e-16 0 0 0 0 100 324 0 -1 1919906 171883
67.5 -0.626283 -0.636995 2.14598 295 130139700.671 9 0 175559 4 787 521 297.30247 4.87294e-09 -6e-16 0 0 0 0 100 324 0 -1 1920203 167861
56.25 -0.905645 -0.925365 1.93047 295 130139721.403 9 0 175559 3 870 1923 297.10939 4.87294e-09 -6e-16 0 0 0 0 100 324 0 -1 1920352 173380
45 -1.1502 -1.17817 1.64078 295 130139742.259 9 0 175559 4 661 1117 298.46626 4.87294e-09 -6e-16 0 0 0 0 100 324 0 -1 1924342 187663
#C results: scan_n xMAX MAX FWHM CWHM COM SUM 
#R 39 45 187663 0 0 67.1529 875690
#C Tue Mar 01 20:52:25 2022.  GADDS scan.

#S 40  ascan  chi 90 45  4 9
#D Tue Mar 01 20:52:25 2022
#T 9  (sec)
#G0 0 0 1 0 0 1 0 0 0 0 0 0 0 0 0 0 2 2 2 2 2 0 0
#G1 5.431 5.431 5.431 90 90 90 1.156911307 1.156911307 1.156911307 90 90 90 0 0 4 2 2 4 56.1575 27.93475 89.9 -180 0 0 70.41 35.20625 54.635 -181.035 0 0 1.278144 1.278144 0 0
#G3 -0.8060933922 -0.8298512745 -0.002019183743 0.8298463816 -0.8060957142 0.002907632189 -0.003492538811 0.0005775816754 1.156905891
#G4 -0.007017262208 0.001160485905 2.324472948 1.5406 19.10596955 19.3939695 0 38.5 34.77776122 0.175316796 90 89.89417068 0.175316796 -124.7777612 0 0 0 0 0 0 0 0 54.785 0 0 0 0 0 -180 -180 -180 -180 -180 -180 -180 -180 -180 0 0 0 0 0 0 0 0 0 0 0 0
#Q -0.00701726 0.00116049 2.32447
#P0 38.5 19.25 90 0 0 0 0 0
#P1 0 -0.2 0.2 -2.5 2.5 -0.15 0.15 -0.15
#P2 0.15 8 45657.992 0 0 1.44 8.99997 
#X 100C
#U T=295C ATT =0 um ; ionirange=2
#C GADDS scan
#U Vantec = 1
#N 25
#L chi  H  K  L  DegC  Epoch  sec  det  ctr3  Gm  Gx  Gy  Rcur  K0  K1  K2  LV0  LV1  LV2  T_sp  T_cs  T_cs2  LST1  mon  Gt
90 -0.00701726 0.00116049 2.32447 295 130139777.765 9 0 175559 4 993 1312 298.14252 4.87294e-09 -6e-16 0 0 0 0 100 324 0 -1 1922697 176646
78.75 -0.322854 -0.324146 2.27902 295 130139798.700 9 0 175560 3 187 1881 297.94933 4.87294e-09 -6e-16 0 0 0 0 100 324 0 -1 1923188 171300
67.5 -0.626283 -0.636995 2.14598 295 130139819.604 9 0 175560 4 1476 1387 297.75684 4.87294e-09 -6e-16 0 0 0 0 100 324 0 -1 1923897 168323
56.25 -0.905645 -0.925365 1.93047 295 130139840.508 9 0 175559 4 572 1679 297.57328 4.87294e-09 -6e-16 0 0 0 0 100 324 0 -1 1924042 173457
45 -1.1502 -1.17817 1.64078 295 130139861.209 9 0 175559 4 675 418 297.38051 4.87294e-09 -6e-16 0 0 0 0 100 324 0 -1 1924343 188086
#C results: scan_n xMAX MAX FWHM CWHM COM SUM 
#R 40 45 188086 0 0 67.1791 877812
#C Tue Mar 01 20:54:24 2022.  GADDS scan.

#S 41  ascan  chi 90 45  4 9
#D Tue Mar 01 20:54:24 2022
#T 9  (sec)
#G0 0 0 1 0 0 1 0 0 0 0 0 0 0 0 0 0 2 2 2 2 2 0 0
#G1 5.431 5.431 5.431 90 90 90 1.156911307 1.156911307 1.156911307 90 90 90 0 0 4 2 2 4 56.1575 27.93475 89.9 -180 0 0 70.41 35.20625 54.635 -181.035 0 0 1.278144 1.278144 0 0
#G3 -0.8060933922 -0.8298512745 -0.002019183743 0.8298463816 -0.8060957142 0.002907632189 -0.003492538811 0.0005775816754 1.156905891
#G4 -0.007017262208 0.001160485905 2.324472948 1.5406 19.10596955 19.3939695 0 38.5 34.77776122 0.175316796 90 89.89417068 0.175316796 -124.7777612 0 0 0 0 0 0 0 0 54.785 0 0 0 0 0 -180 -180 -180 -180 -180 -180 -180 -180 -180 0 0 0 0 0 0 0 0 0 0 0 0
#Q -0.00701726 0.00116049 2.32447
#P0 38.5 19.25 90 0 0 0 0 0
#P1 0 -0.2 0.2 -2.5 2.5 -0.15 0.15 -0.15
#P2 0.15 8 45657.992 0 0 1.44 8.99997 
#X 100C
#U T=295C ATT =0 um ; ionirange=2
#C GADDS scan
#U Vantec = 1
#N 25
#L chi  H  K  L  DegC  Epoch  sec  det  ctr3  Gm  Gx  Gy  Rcur  K0  K1  K2  LV0  LV1  LV2  T_sp  T_cs  T_cs2  LST1  mon  Gt
90 -0.00701726 0.00116049 2.32447 295 130139897.136 9 0 175561 3 1527 2021 297.06092 4.87294e-09 -6e-16 0 0 0 0 100 324 0 -1 1918175 175823
78.75 -0.322854 -0.324146 2.27902 295 130139918.055 9 0 175567 3 898 2000 298.39484 4.87294e-09 -6e-16 0 0 0 0 100 324 0 -1 1927492 173305
67.5 -0.626283 -0.636995 2.14598 295 130139938.787 9 0 175567 4 1281 1428 298.21156 4.87294e-09 -6e-16 0 0 0 0 100 324 0 -1 1927724 171196
56.25 -0.905645 -0.925365 1.93047 295 130139959.706 9 0 175567 4 929 1680 298.01875 4.87294e-09 -6e-16 0 0 0 0 100 324 0 -1 1928693 176257
45 -1.1502 -1.17817 1.64078 295 130139980.407 9 0 175567 4 727 1229 297.83372 4.87294e-09 -6e-16 0 0 0 0 100 324 0 -1 1928524 188067
#C results: scan_n xMAX MAX FWHM CWHM COM SUM 
#R 41 45 188067 0 0 67.151 884648
#C Tue Mar 01 20:56:23 2022.  GADDS scan.

#S 42  ascan  chi 90 45  4 9
#D Tue Mar 01 20:56:23 2022
#T 9  (sec)
#G0 0 0 1 0 0 1 0 0 0 0 0 0 0 0 0 0 2 2 2 2 2 0 0
#G1 5.431 5.431 5.431 90 90 90 1.156911307 1.156911307 1.156911307 90 90 90 0 0 4 2 2 4 56.1575 27.93475 89.9 -180 0 0 70.41 35.20625 54.635 -181.035 0 0 1.278144 1.278144 0 0
#G3 -0.8060933922 -0.8298512745 -0.002019183743 0.8298463816 -0.8060957142 0.002907632189 -0.003492538811 0.0005775816754 1.156905891
#G4 -0.007017262208 0.001160485905 2.324472948 1.5406 19.10596955 19.3939695 0 38.5 34.77776122 0.175316796 90 89.89417068 0.175316796 -124.7777612 0 0 0 0 0 0 0 0 54.785 0 0 0 0 0 -180 -180 -180 -180 -180 -180 -180 -180 -180 0 0 0 0 0 0 0 0 0 0 0 0
#Q -0.00701726 0.00116049 2.32447
#P0 38.5 19.25 90 0 0 0 0 0
#P1 0 -0.2 0.2 -2.5 2.5 -0.15 0.15 -0.15
#P2 0.15 8 45657.992 0 0 1.44 8.99997 
#X 100C
#U T=295C ATT =0 um ; ionirange=2
#C GADDS scan
#U Vantec = 1
#N 25
#L chi  H  K  L  DegC  Epoch  sec  det  ctr3  Gm  Gx  Gy  Rcur  K0  K1  K2  LV0  LV1  LV2  T_sp  T_cs  T_cs2  LST1  mon  Gt
90 -0.00701726 0.00116049 2.32447 295 130140016.397 9 0 175560 4 1475 1481 297.50439 4.87294e-09 -6e-16 0 0 0 0 100 324 0 -1 1922618 176615
78.75 -0.322854 -0.324146 2.27902 295 130140037.082 9 0 175560 4 1950 1537 297.32378 4.87294e-09 -6e-16 0 0 0 0 100 324 0 -1 1922965 171193
67.5 -0.626283 -0.636995 2.14598 295 130140057.752 9 0 175560 4 774 1778 297.12965 4.87294e-09 -6e-16 0 0 0 0 100 324 0 -1 1923429 172082
56.25 -0.905645 -0.925365 1.93047 295 130140078.453 9 0 175559 3 1078 1970 296.94684 4.87294e-09 -6e-16 0 0 0 0 100 324 0 -1 1923565 174583
45 -1.1502 -1.17817 1.64078 295 130140099.372 9 0 175559 3 1308 1931 297.12486 4.87294e-09 -6e-16 0 0 0 0 100 324 0 -1 1925815 186352
#C results: scan_n xMAX MAX FWHM CWHM COM SUM 
#R 42 45 186352 0 0 67.208 880825
#C Tue Mar 01 20:58:22 2022.  GADDS scan.

#S 43  ascan  chi 90 45  4 9
#D Tue Mar 01 20:58:22 2022
#T 9  (sec)
#G0 0 0 1 0 0 1 0 0 0 0 0 0 0 0 0 0 2 2 2 2 2 0 0
#G1 5.431 5.431 5.431 90 90 90 1.156911307 1.156911307 1.156911307 90 90 90 0 0 4 2 2 4 56.1575 27.93475 89.9 -180 0 0 70.41 35.20625 54.635 -181.035 0 0 1.278144 1.278144 0 0
#G3 -0.8060933922 -0.8298512745 -0.002019183743 0.8298463816 -0.8060957142 0.002907632189 -0.003492538811 0.0005775816754 1.156905891
#G4 -0.007017262208 0.001160485905 2.324472948 1.5406 19.10596955 19.3939695 0 38.5 34.77776122 0.175316796 90 89.89417068 0.175316796 -124.7777612 0 0 0 0 0 0 0 0 54.785 0 0 0 0 0 -180 -180 -180 -180 -180 -180 -180 -180 -180 0 0 0 0 0 0 0 0 0 0 0 0
#Q -0.00701726 0.00116049 2.32447
#P0 38.5 19.25 90 0 0 0 0 0
#P1 0 -0.2 0.2 -2.5 2.5 -0.15 0.15 -0.15
#P2 0.15 8 45657.992 0 0 1.44 8.99997 
#X 100C
#U T=295C ATT =0 um ; ionirange=2
#C GADDS scan
#U Vantec = 1
#N 25
#L chi  H  K  L  DegC  Epoch  sec  det  ctr3  Gm  Gx  Gy  Rcur  K0  K1  K2  LV0  LV1  LV2  T_sp  T_cs  T_cs2  LST1  mon  Gt
90 -0.00701726 0.00116049 2.32447 295 130140134.862 9 0 175560 4 334 1401 298.40378 4.87294e-09 -6e-16 0 0 0 0 100 324 0 -1 1929545 176752
78.75 -0.322854 -0.324146 2.27902 295 130140155.641 9 0 175560 4 716 1746 298.21828 4.87294e-09 -6e-16 0 0 0 0 100 324 0 -1 1929511 172794
67.5 -0.626283 -0.636995 2.14598 295 130140176.514 9 0 175561 4 372 1710 298.02517 4.87294e-09 -6e-16 0 0 0 0 100 324 0 -1 1930122 171248
56.25 -0.905645 -0.925365 1.93047 295 130140197.292 9 0 175560 4 847 1378 297.83767 4.87294e-09 -6e-16 0 0 0 0 100 324 0 -1 1930424 176065
45 -1.1502 -1.17817 1.64078 295 130140218.165 9 0 175560 4 165 1344 297.64494 4.87294e-09 -6e-16 0 0 0 0 100 324 0 -1 1930836 188034
#C results: scan_n xMAX MAX FWHM CWHM COM SUM 
#R 43 45 188034 0 0 67.1715 884893
#C Tue Mar 01 21:00:21 2022.  GADDS scan.

#S 44  ascan  chi 90 45  4 9
#D Tue Mar 01 21:00:21 2022
#T 9  (sec)
#G0 0 0 1 0 0 1 0 0 0 0 0 0 0 0 0 0 2 2 2 2 2 0 0
#G1 5.431 5.431 5.431 90 90 90 1.156911307 1.156911307 1.156911307 90 90 90 0 0 4 2 2 4 56.1575 27.93475 89.9 -180 0 0 70.41 35.20625 54.635 -181.035 0 0 1.278144 1.278144 0 0
#G3 -0.8060933922 -0.8298512745 -0.002019183743 0.8298463816 -0.8060957142 0.002907632189 -0.003492538811 0.0005775816754 1.156905891
#G4 -0.007017262208 0.001160485905 2.324472948 1.5406 19.10596955 19.3939695 0 38.5 34.77776122 0.175316796 90 89.89417068 0.175316796 -124.7777612 0 0 0 0 0 0 0 0 54.785 0 0 0 0 0 -180 -180 -180 -180 -180 -180 -180 -180 -180 0 0 0 0 0 0 0 0 0 0 0 0
#Q -0.00701726 0.00116049 2.32447
#P0 38.5 19.25 90 0 0 0 0 0
#P1 0 -0.2 0.2 -2.5 2.5 -0.15 0.15 -0.15
#P2 0.15 8 45657.992 0 0 1.44 8.99997 
#X 100C
#U T=295C ATT =0 um ; ionirange=2
#C GADDS scan
#U Vantec = 1
#N 25
#L chi  H  K  L  DegC  Epoch  sec  det  ctr3  Gm  Gx  Gy  Rcur  K0  K1  K2  LV0  LV1  LV2  T_sp  T_cs  T_cs2  LST1  mon  Gt
90 -0.00701726 0.00116049 2.32447 295 130140253.670 9 0 175560 4 1020 1065 297.32525 4.87294e-09 -6e-16 0 0 0 0 100 324 0 -1 1924065 177032
78.75 -0.322854 -0.324146 2.27902 295 130140274.605 9 0 175566 3 898 1940 297.12777 4.87294e-09 -6e-16 0 0 0 0 100 324 0 -1 1924239 173042
67.5 -0.626283 -0.636995 2.14598 295 130140295.509 9 0 175568 4 530 1448 296.94164 4.87294e-09 -6e-16 0 0 0 0 100 324 0 -1 1924281 169823
56.25 -0.905645 -0.925365 1.93047 295 130140316.241 9 0 175567 3 661 2017 298.3616 4.87294e-09 -6e-16 0 0 0 0 100 324 0 -1 1934255 176382
45 -1.1502 -1.17817 1.64078 295 130140336.989 9 0 175568 4 263 1659 298.17456 4.87294e-09 -6e-16 0 0 0 0 100 324 0 -1 1934214 189007
#C results: scan_n xMAX MAX FWHM CWHM COM SUM 
#R 44 45 189007 0 0 67.1532 885286
#C Tue Mar 01 21:02:20 2022.  GADDS scan.

#S 45  ascan  chi 90 45  4 9
#D Tue Mar 01 21:02:20 2022
#T 9  (sec)
#G0 0 0 1 0 0 1 0 0 0 0 0 0 0 0 0 0 2 2 2 2 2 0 0
#G1 5.431 5.431 5.431 90 90 90 1.156911307 1.156911307 1.156911307 90 90 90 0 0 4 2 2 4 56.1575 27.93475 89.9 -180 0 0 70.41 35.20625 54.635 -181.035 0 0 1.278144 1.278144 0 0
#G3 -0.8060933922 -0.8298512745 -0.002019183743 0.8298463816 -0.8060957142 0.002907632189 -0.003492538811 0.0005775816754 1.156905891
#G4 -0.007017262208 0.001160485905 2.324472948 1.5406 19.10596955 19.3939695 0 38.5 34.77776122 0.175316796 90 89.89417068 0.175316796 -124.7777612 0 0 0 0 0 0 0 0 54.785 0 0 0 0 0 -180 -180 -180 -180 -180 -180 -180 -180 -180 0 0 0 0 0 0 0 0 0 0 0 0
#Q -0.00701726 0.00116049 2.32447
#P0 38.5 19.25 90 0 0 0 0 0
#P1 0 -0.2 0.2 -2.5 2.5 -0.15 0.15 -0.15
#P2 0.15 8 45657.992 0 0 1.44 8.99997 
#X 100C
#U T=295C ATT =0 um ; ionirange=2
#C GADDS scan
#U Vantec = 1
#N 25
#L chi  H  K  L  DegC  Epoch  sec  det  ctr3  Gm  Gx  Gy  Rcur  K0  K1  K2  LV0  LV1  LV2  T_sp  T_cs  T_cs2  LST1  mon  Gt
90 -0.00701726 0.00116049 2.32447 295 130140372.463 9 0 175560 3 784 2029 297.85165 4.87294e-09 -6e-16 0 0 0 0 100 324 0 -1 1927798 177317
78.75 -0.322854 -0.324146 2.27902 295 130140393.336 9 0 175561 3 983 1873 297.65895 4.87294e-09 -6e-16 0 0 0 0 100 324 0 -1 1927703 172663
67.5 -0.626283 -0.636995 2.14598 295 130140414.099 9 0 175561 4 782 1464 297.47223 4.87294e-09 -6e-16 0 0 0 0 100 324 0 -1 1927956 172277
56.25 -0.905645 -0.925365 1.93047 295 130140434.832 9 0 175560 3 1281 2020 297.27981 4.87294e-09 -6e-16 0 0 0 0 100 324 0 -1 1928078 176473
45 -1.1502 -1.17817 1.64078 295 130140455.688 9 0 175560 4 278 1042 297.09768 4.87294e-09 -6e-16 0 0 0 0 100 324 0 -1 1928089 190120
#C results: scan_n xMAX MAX FWHM CWHM COM SUM 
#R 45 45 190120 0 0 67.1277 888850
#C Tue Mar 01 21:04:18 2022.  GADDS scan.

#S 46  ascan  chi 90 45  4 9
#D Tue Mar 01 21:04:18 2022
#T 9  (sec)
#G0 0 0 1 0 0 1 0 0 0 0 0 0 0 0 0 0 2 2 2 2 2 0 0
#G1 5.431 5.431 5.431 90 90 90 1.156911307 1.156911307 1.156911307 90 90 90 0 0 4 2 2 4 56.1575 27.93475 89.9 -180 0 0 70.41 35.20625 54.635 -181.035 0 0 1.278144 1.278144 0 0
#G3 -0.8060933922 -0.8298512745 -0.002019183743 0.8298463816 -0.8060957142 0.002907632189 -0.003492538811 0.0005775816754 1.156905891
#G4 -0.007017262208 0.001160485905 2.324472948 1.5406 19.10596955 19.3939695 0 38.5 34.77776122 0.175316796 90 89.89417068 0.175316796 -124.7777612 0 0 0 0 0 0 0 0 54.785 0 0 0 0 0 -180 -180 -180 -180 -180 -180 -180 -180 -180 0 0 0 0 0 0 0 0 0 0 0 0
#Q -0.00701726 0.00116049 2.32447
#P0 38.5 19.25 90 0 0 0 0 0
#P1 0 -0.2 0.2 -2.5 2.5 -0.15 0.15 -0.15
#P2 0.15 8 45657.992 0 0 1.44 8.99997 
#X 100C
#U T=295C ATT =0 um ; ionirange=2
#C GADDS scan
#U Vantec = 1
#N 25
#L chi  H  K  L  DegC  Epoch  sec  det  ctr3  Gm  Gx  Gy  Rcur  K0  K1  K2  LV0  LV1  LV2  T_sp  T_cs  T_cs2  LST1  mon  Gt
90 -0.00701726 0.00116049 2.32447 295 130140491.194 9 0 175561 3 834 1941 297.1405 4.87294e-09 -6e-16 0 0 0 0 100 324 0 -1 1921891 177151
78.75 -0.322854 -0.324146 2.27902 295 130140512.129 9 0 175560 4 90 1026 296.94714 4.87294e-09 -6e-16 0 0 0 0 100 324 0 -1 1924116 170525
67.5 -0.626283 -0.636995 2.14598 295 130140533.033 9 0 175560 3 706 1835 298.23059 4.87294e-09 -6e-16 0 0 0 0 100 324 0 -1 1932756 173964
56.25 -0.905645 -0.925365 1.93047 295 130140553.936 9 0 175560 4 1030 1705 298.03425 4.87294e-09 -6e-16 0 0 0 0 100 324 0 -1 1932739 175877
45 -1.1502 -1.17817 1.64078 295 130140574.684 9 0 175559 3 682 1861 297.84023 4.87294e-09 -6e-16 0 0 0 0 100 324 0 -1 1932488 189290
#C results: scan_n xMAX MAX FWHM CWHM COM SUM 
#R 46 45 189290 0 0 67.1241 886807
#C Tue Mar 01 21:06:17 2022.  GADDS scan.

#S 47  ascan  chi 90 45  4 9
#D Tue Mar 01 21:06:17 2022
#T 9  (sec)
#G0 0 0 1 0 0 1 0 0 0 0 0 0 0 0 0 0 2 2 2 2 2 0 0
#G1 5.431 5.431 5.431 90 90 90 1.156911307 1.156911307 1.156911307 90 90 90 0 0 4 2 2 4 56.1575 27.93475 89.9 -180 0 0 70.41 35.20625 54.635 -181.035 0 0 1.278144 1.278144 0 0
#G3 -0.8060933922 -0.8298512745 -0.002019183743 0.8298463816 -0.8060957142 0.002907632189 -0.003492538811 0.0005775816754 1.156905891
#G4 -0.007017262208 0.001160485905 2.324472948 1.5406 19.10596955 19.3939695 0 38.5 34.77776122 0.175316796 90 89.89417068 0.175316796 -124.7777612 0 0 0 0 0 0 0 0 54.785 0 0 0 0 0 -180 -180 -180 -180 -180 -180 -180 -180 -180 0 0 0 0 0 0 0 0 0 0 0 0
#Q -0.00701726 0.00116049 2.32447
#P0 38.5 19.25 90 0 0 0 0 0
#P1 0 -0.2 0.2 -2.5 2.5 -0.15 0.15 -0.15
#P2 0.15 8 45657.992 0 0 1.44 8.99997 
#X 100C
#U T=295C ATT =0 um ; ionirange=2
#C GADDS scan
#U Vantec = 1
#N 25
#L chi  H  K  L  DegC  Epoch  sec  det  ctr3  Gm  Gx  Gy  Rcur  K0  K1  K2  LV0  LV1  LV2  T_sp  T_cs  T_cs2  LST1  mon  Gt
90 -0.00701726 0.00116049 2.32447 295 130140610.174 9 0 175560 4 886 1647 297.51851 4.87294e-09 -6e-16 0 0 0 0 100 324 0 -1 1925904 176797
78.75 -0.322854 -0.324146 2.27902 295 130140631.046 9 0 175564 4 242 1223 297.33514 4.87294e-09 -6e-16 0 0 0 0 100 324 0 -1 1925740 173345
67.5 -0.626283 -0.636995 2.14598 295 130140651.794 9 0 175567 4 721 482 297.14181 4.87294e-09 -6e-16 0 0 0 0 100 324 0 -1 1925638 173150
56.25 -0.905645 -0.925365 1.93047 295 130140672.698 9 0 175567 3 996 1870 296.95775 4.87294e-09 -6e-16 0 0 0 0 100 324 0 -1 1927385 178877
45 -1.1502 -1.17817 1.64078 295 130140693.492 9 0 175568 4 808 1490 297.09879 4.87294e-09 -6e-16 0 0 0 0 100 324 0 -1 1928965 187910
#C results: scan_n xMAX MAX FWHM CWHM COM SUM 
#R 47 45 187910 0 0 67.1492 890079
#C Tue Mar 01 21:08:16 2022.  GADDS scan.

#S 48  ascan  chi 90 45  4 9
#D Tue Mar 01 21:08:16 2022
#T 9  (sec)
#G0 0 0 1 0 0 1 0 0 0 0 0 0 0 0 0 0 2 2 2 2 2 0 0
#G1 5.431 5.431 5.431 90 90 90 1.156911307 1.156911307 1.156911307 90 90 90 0 0 4 2 2 4 56.1575 27.93475 89.9 -180 0 0 70.41 35.20625 54.635 -181.035 0 0 1.278144 1.278144 0 0
#G3 -0.8060933922 -0.8298512745 -0.002019183743 0.8298463816 -0.8060957142 0.002907632189 -0.003492538811 0.0005775816754 1.156905891
#G4 -0.007017262208 0.001160485905 2.324472948 1.5406 19.10596955 19.3939695 0 38.5 34.77776122 0.175316796 90 89.89417068 0.175316796 -124.7777612 0 0 0 0 0 0 0 0 54.785 0 0 0 0 0 -180 -180 -180 -180 -180 -180 -180 -180 -180 0 0 0 0 0 0 0 0 0 0 0 0
#Q -0.00701726 0.00116049 2.32447
#P0 38.5 19.25 90 0 0 0 0 0
#P1 0 -0.2 0.2 -2.5 2.5 -0.15 0.15 -0.15
#P2 0.15 8 45657.992 0 0 1.44 8.99997 
#X 100C
#U T=295C ATT =0 um ; ionirange=2
#C GADDS scan
#U Vantec = 1
#N 25
#L chi  H  K  L  DegC  Epoch  sec  det  ctr3  Gm  Gx  Gy  Rcur  K0  K1  K2  LV0  LV1  LV2  T_sp  T_cs  T_cs2  LST1  mon  Gt
90 -0.00701726 0.00116049 2.32447 295 130140729.419 9 0 175562 4 1035 1010 298.40428 4.87294e-09 -6e-16 0 0 0 0 100 324 0 -1 1928918 177513
78.75 -0.322854 -0.324146 2.27902 295 130140750.338 9 0 175562 5 1002 1367 298.2094 4.87294e-09 -6e-16 0 0 0 0 100 324 0 -1 1928345 173204
67.5 -0.626283 -0.636995 2.14598 295 130140771.024 9 0 175561 3 576 1980 298.02398 4.87294e-09 -6e-16 0 0 0 0 100 324 0 -1 1928456 171244
56.25 -0.905645 -0.925365 1.93047 295 130140791.912 9 0 175560 3 1107 1894 297.82733 4.87294e-09 -6e-16 0 0 0 0 100 324 0 -1 1928343 177964
45 -1.1502 -1.17817 1.64078 295 130140812.784 9 0 175560 4 268 1339 297.64244 4.87294e-09 -6e-16 0 0 0 0 100 324 0 -1 1927387 188878
#C results: scan_n xMAX MAX FWHM CWHM COM SUM 
#R 48 45 188878 0 0 67.152 888803
#C Tue Mar 01 21:10:15 2022.  GADDS scan.

#S 49  ascan  chi 90 45  4 9
#D Tue Mar 01 21:10:15 2022
#T 9  (sec)
#G0 0 0 1 0 0 1 0 0 0 0 0 0 0 0 0 0 2 2 2 2 2 0 0
#G1 5.431 5.431 5.431 90 90 90 1.156911307 1.156911307 1.156911307 90 90 90 0 0 4 2 2 4 56.1575 27.93475 89.9 -180 0 0 70.41 35.20625 54.635 -181.035 0 0 1.278144 1.278144 0 0
#G3 -0.8060933922 -0.8298512745 -0.002019183743 0.8298463816 -0.8060957142 0.002907632189 -0.003492538811 0.0005775816754 1.156905891
#G4 -0.007017262208 0.001160485905 2.324472948 1.5406 19.10596955 19.3939695 0 38.5 34.77776122 0.175316796 90 89.89417068 0.175316796 -124.7777612 0 0 0 0 0 0 0 0 54.785 0 0 0 0 0 -180 -180 -180 -180 -180 -180 -180 -180 -180 0 0 0 0 0 0 0 0 0 0 0 0
#Q -0.00701726 0.00116049 2.32447
#P0 38.5 19.25 90 0 0 0 0 0
#P1 0 -0.2 0.2 -2.5 2.5 -0.15 0.15 -0.15
#P2 0.15 8 45657.992 0 0 1.44 8.99997 
#X 100C
#U T=295C ATT =0 um ; ionirange=2
#C GADDS scan
#U Vantec = 1
#N 25
#L chi  H  K  L  DegC  Epoch  sec  det  ctr3  Gm  Gx  Gy  Rcur  K0  K1  K2  LV0  LV1  LV2  T_sp  T_cs  T_cs2  LST1  mon  Gt
90 -0.00701726 0.00116049 2.32447 295 130140848.243 9 0 175561 3 719 1956 297.3207 4.87294e-09 -6e-16 0 0 0 0 100 324 0 -1 1921022 176084
78.75 -0.322854 -0.324146 2.27902 295 130140869.194 9 0 175561 4 1665 570 297.12712 4.87294e-09 -6e-16 0 0 0 0 100 324 0 -1 1920481 173723
67.5 -0.626283 -0.636995 2.14598 295 130140889.926 9 0 175561 4 378 1367 297.04701 4.87294e-09 -6e-16 0 0 0 0 100 324 0 -1 1920708 170301
56.25 -0.905645 -0.925365 1.93047 295 130140910.845 9 0 175559 4 859 1210 297.10133 4.87294e-09 -6e-16 0 0 0 0 100 324 0 -1 1922410 178868
45 -1.1502 -1.17817 1.64078 295 130140931.562 9 0 175560 4 406 1472 298.4228 4.87294e-09 -6e-16 0 0 0 0 100 324 0 -1 1925182 189455
#C results: scan_n xMAX MAX FWHM CWHM COM SUM 
#R 49 45 189455 0 0 67.0962 888431
#C Tue Mar 01 21:12:14 2022.  GADDS scan.

#S 50  ascan  chi 90 45  4 9
#D Tue Mar 01 21:12:14 2022
#T 9  (sec)
#G0 0 0 1 0 0 1 0 0 0 0 0 0 0 0 0 0 2 2 2 2 2 0 0
#G1 5.431 5.431 5.431 90 90 90 1.156911307 1.156911307 1.156911307 90 90 90 0 0 4 2 2 4 56.1575 27.93475 89.9 -180 0 0 70.41 35.20625 54.635 -181.035 0 0 1.278144 1.278144 0 0
#G3 -0.8060933922 -0.8298512745 -0.002019183743 0.8298463816 -0.8060957142 0.002907632189 -0.003492538811 0.0005775816754 1.156905891
#G4 -0.007017262208 0.001160485905 2.324472948 1.5406 19.10596955 19.3939695 0 38.5 34.77776122 0.175316796 90 89.89417068 0.175316796 -124.7777612 0 0 0 0 0 0 0 0 54.785 0 0 0 0 0 -180 -180 -180 -180 -180 -180 -180 -180 -180 0 0 0 0 0 0 0 0 0 0 0 0
#Q -0.00701726 0.00116049 2.32447
#P0 38.5 19.25 90 0 0 0 0 0
#P1 0 -0.2 0.2 -2.5 2.5 -0.15 0.15 -0.15
#P2 0.15 8 45657.992 0 0 1.44 8.99997 
#X 100C
#U T=295C ATT =0 um ; ionirange=2
#C GADDS scan
#U Vantec = 1
#N 25
#L chi  H  K  L  DegC  Epoch  sec  det  ctr3  Gm  Gx  Gy  Rcur  K0  K1  K2  LV0  LV1  LV2  T_sp  T_cs  T_cs2  LST1  mon  Gt
90 -0.00701726 0.00116049 2.32447 295 130140966.724 9 0 175561 4 574 1186 298.10346 4.87294e-09 -6e-16 0 0 0 0 100 324 0 -1 1924141 176633
78.75 -0.322854 -0.324146 2.27902 295 130140987.456 9 0 175562 4 1981 874 297.98415 4.87294e-09 -6e-16 0 0 0 0 100 324 0 -1 1923207 173789
67.5 -0.626283 -0.636995 2.14598 295 130141008.313 9 0 175567 3 918 1931 297.72494 4.87294e-09 -6e-16 0 0 0 0 100 324 0 -1 1923016 172785
56.25 -0.905645 -0.925365 1.93047 295 130141029.264 9 0 175567 3 935 1889 297.52884 4.87294e-09 -6e-16 0 0 0 0 100 324 0 -1 1922758 178714
45 -1.1502 -1.17817 1.64078 295 130141050.012 9 0 175567 3 839 1839 297.3438 4.87294e-09 -6e-16 0 0 0 0 100 324 0 -1 1923397 188300
#C results: scan_n xMAX MAX FWHM CWHM COM SUM 
#R 50 45 188300 0 0 67.1429 890221
#C Tue Mar 01 21:14:12 2022.  GADDS scan.

#S 51  ascan  chi 90 45  4 9
#D Tue Mar 01 21:14:12 2022
#T 9  (sec)
#G0 0 0 1 0 0 1 0 0 0 0 0 0 0 0 0 0 2 2 2 2 2 0 0
#G1 5.431 5.431 5.431 90 90 90 1.156911307 1.156911307 1.156911307 90 90 90 0 0 4 2 2 4 56.1575 27.93475 89.9 -180 0 0 70.41 35.20625 54.635 -181.035 0 0 1.278144 1.278144 0 0
#G3 -0.8060933922 -0.8298512745 -0.002019183743 0.8298463816 -0.8060957142 0.002907632189 -0.003492538811 0.0005775816754 1.156905891
#G4 -0.007017262208 0.001160485905 2.324472948 1.5406 19.10596955 19.3939695 0 38.5 34.77776122 0.175316796 90 89.89417068 0.175316796 -124.7777612 0 0 0 0 0 0 0 0 54.785 0 0 0 0 0 -180 -180 -180 -180 -180 -180 -180 -180 -180 0 0 0 0 0 0 0 0 0 0 0 0
#Q -0.00701726 0.00116049 2.32447
#P0 38.5 19.25 90 0 0 0 0 0
#P1 0 -0.2 0.2 -2.5 2.5 -0.15 0.15 -0.15
#P2 0.15 8 45657.992 0 0 1.44 8.99997 
#X 100C
#U T=295C ATT =0 um ; ionirange=2
#C GADDS scan
#U Vantec = 1
#N 25
#L chi  H  K  L  DegC  Epoch  sec  det  ctr3  Gm  Gx  Gy  Rcur  K0  K1  K2  LV0  LV1  LV2  T_sp  T_cs  T_cs2  LST1  mon  Gt
90 -0.00701726 0.00116049 2.32447 295 130141085.252 9 0 175559 4 406 1168 297.01893 4.87294e-09 -6e-16 0 0 0 0 100 324 0 -1 1916724 173650
78.75 -0.322854 -0.324146 2.27902 295 130141106.125 9 0 175559 4 555 1249 297.15318 4.87294e-09 -6e-16 0 0 0 0 100 324 0 -1 1918417 169875
67.5 -0.626283 -0.636995 2.14598 295 130141126.826 9 0 175560 4 834 1440 296.96849 4.87294e-09 -6e-16 0 0 0 0 100 324 0 -1 1918082 163909
56.25 -0.905645 -0.925365 1.93047 295 130141147.761 9 0 175560 3 861 1846 298.33051 4.87294e-09 -6e-16 0 0 0 0 100 324 0 -1 1927205 167444
45 -1.1502 -1.17817 1.64078 295 130141168.524 9 0 175560 4 317 739 298.1426 4.87294e-09 -6e-16 0 0 0 0 100 324 0 -1 1926449 170207
#C results: scan_n xMAX MAX FWHM CWHM COM SUM 
#R 51 90 173650 0 0 67.624 845085
#C Tue Mar 01 21:16:17 2022.  GADDS scan.

#S 52  ascan  chi 90 45  9 11
#D Tue Mar 01 21:16:17 2022
#T 11  (sec)
#G0 0 0 1 0 0 1 0 0 0 0 0 0 0 0 0 0 2 2 2 2 2 0 0
#G1 5.431 5.431 5.431 90 90 90 1.156911307 1.156911307 1.156911307 90 90 90 0 0 4 2 2 4 56.1575 27.93475 89.9 -180 0 0 70.41 35.20625 54.635 -181.035 0 0 1.278144 1.278144 0 0
#G3 -0.8060933922 -0.8298512745 -0.002019183743 0.8298463816 -0.8060957142 0.002907632189 -0.003492538811 0.0005775816754 1.156905891
#G4 -0.007017262208 0.001160485905 2.324472948 1.5406 19.10596955 19.3939695 0 38.5 34.77776122 0.175316796 90 89.89417068 0.175316796 -124.7777612 0 0 0 0 0 0 0 0 54.785 0 0 0 0 0 -180 -180 -180 -180 -180 -180 -180 -180 -180 0 0 0 0 0 0 0 0 0 0 0 0
#Q -0.00701726 0.00116049 2.32447
#P0 38.5 19.25 90 0 0 0 0 0
#P1 0 -0.2 0.2 -2.5 2.5 -0.15 0.15 -0.15
#P2 0.15 8 45657.992 0 0 1.44 8.99997 
#X 100C
#U T=295C ATT =0 um ; ionirange=2
#C GADDS scan
#U Vantec = 1
#N 25
#L chi  H  K  L  DegC  Epoch  sec  det  ctr3  Gm  Gx  Gy  Rcur  K0  K1  K2  LV0  LV1  LV2  T_sp  T_cs  T_cs2  LST1  mon  Gt
90 -0.00701726 0.00116049 2.32447 295 130141212.141 11 0 214572 4 1452 650 297.74371 4.87294e-09 -6e-16 0 0 0 0 100 324 0 -1 2344923 192032
85 -0.148149 -0.144163 2.31527 295 130141232.577 11 0 214573 4 1044 200 297.55691 4.87294e-09 -6e-16 0 0 0 0 100 324 0 -1 2344115 195269
80 -0.288154 -0.288389 2.28845 295 130141252.841 11 0 214573 4 327 691 297.37236 4.87294e-09 -6e-16 0 0 0 0 100 324 0 -1 2343421 199043
75 -0.425965 -0.430421 2.24422 295 130141273.152 11 0 214573 4 171 1350 297.18696 4.87294e-09 -6e-16 0 0 0 0 100 324 0 -1 2342303 199342
70 -0.560535 -0.569177 2.1829 295 130141293.604 11 0 214574 4 203 1476 296.99175 4.87294e-09 -6e-16 0 0 0 0 100 324 0 -1 2341378 202953
65 -0.690839 -0.703601 2.10497 295 130141314.008 11 0 214574 4 385 1672 297.15415 4.87294e-09 -6e-16 0 0 0 0 100 324 0 -1 2342640 204329
60 -0.815885 -0.83267 2.01102 295 130141334.491 11 0 214573 4 1206 1693 296.9681 4.87294e-09 -6e-16 0 0 0 0 100 324 0 -1 2341235 205180
55 -0.934721 -0.955402 1.90177 295 130141354.926 11 0 214580 4 923 304 298.231 4.87294e-09 -6e-16 0 0 0 0 100 324 0 -1 2351061 212335
50 -1.04644 -1.07086 1.77804 295 130141375.316 11 0 214583 3 1016 1904 298.04316 4.87294e-09 -6e-16 0 0 0 0 100 324 0 -1 2351162 217344
45 -1.1502 -1.17817 1.64078 295 130141395.642 11 0 214583 4 593 1290 297.85651 4.87294e-09 -6e-16 0 0 0 0 100 324 0 -1 2351041 226086
#C results: scan_n xMAX MAX FWHM CWHM COM SUM 
#R 52 45 226086 0 0 66.835 2.05391e+06
